2 ml/min 1
  Retentionszeit [min]  Fläche [mV.s] Höhe [mV] Fläche [%]  Höhe [%]  W05 [min] Verbindungsname
1 2.991 476.546 20.437  2.2 1.9 0.42
2 5.607 5806.109  361.411 27.0  33.0  0.25
3 6.637 5280.760  288.902 24.6  26.4  0.28
4 8.316 5087.724  237.044 23.7  21.6  0.33
5 10.917  4837.783  188.493 22.5  17.2  0.39
  Gesamt  21488.922 1096.287  100.0 100.0



2ml/min 2

	Retentionszeit [min]	Fläche [mV.s]	Höhe [mV]	Fläche [%]	Höhe [%]	W05 [min]	Verbindungsname
1	3.108	386.656	16.895	2.2	1.7	0.39
2	5.748	4777.383	326.559	27.3	33.3	0.22
3	6.777	4319.852	260.202	24.7	26.6	0.25
4	8.448	4128.540	211.349	23.6	21.6	0.29
5	11.045	3904.124	164.937	22.3	16.8	0.36
	Gesamt	17516.554	979.942	100.0	100.0


1.5ml/min 1
	Retentionszeit [min]	Fläche [mV.s]	Höhe [mV]	Fläche [%]	Höhe [%]	W05 [min]	Verbindungsname
1	3.981	  625.765	  21.980	2.2	2.0	0.51
2	7.516	  7855.341	367.852	27.3	33.0	0.33
3	8.893	  7135.009	292.892	24.8	26.3	0.37
4	11.128	6722.317	239.447	23.3	21.5	0.43
5	14.591	6455.841	191.042	22.4	17.2	0.52
	Gesamt	28794.273	1113.214	100.0	100.0

1.5m.l/min 2
	Retentionszeit [min]	Fläche [mV.s]	Höhe [mV]	Fläche [%]	Höhe [%]	W05 [min]	Verbindungsname
1	4.004	  525.643	18.893	1.9	1.7	0.47
2	7.516	  7352.955	367.287	27.2	32.5	0.30
3	8.892	  6680.216	298.577	24.7	26.4	0.34
4	11.128	6465.071	248.670	23.9	22.0	0.40
5	14.601	6037.392	197.555	22.3	17.5	0.47
	Gesamt	27061.276	1130.983	100.0	100.0
