2239.43 -0.04
2238.47 0.01
2237.50 0.03
2236.54 -0.07
2235.58 0.04
2234.61 0.02
2233.65 -0.10
2232.68 0.07
2231.72 0.02
2230.75 -0.12
2229.79 0.10
2228.83 0.02
2227.86 -0.15
2226.90 0.13
2225.93 0.02
2224.97 -0.19
2224.00 0.15
2223.04 0.04
2222.08 -0.21
2221.11 0.14
2220.15 0.07
2219.18 -0.21
2218.22 0.09
2217.25 0.13
2216.29 -0.20
2215.33 -0.03
2214.36 0.21
2213.40 -0.15
2212.43 -0.25
2211.47 0.32
2210.51 -0.08
2209.54 -0.43
2208.58 0.41
2207.61 0.02
2206.65 -0.45
2205.68 0.35
2204.72 0.16
2203.76 -0.33
2202.79 -0.10
2201.83 0.36
2200.86 -0.17
2199.90 -0.59
2198.93 0.57
2197.97 0.02
2197.01 -0.57
2193.15 -0.04
2186.40 -0.03
2179.65 -0.06
2172.42 0.00
2165.67 0.07
2157.95 0.06
2150.72 0.06
