frequency	intensity
450	0
454	0.008
458	0.002
462	0.012
466	0.004
470	0.008
474	0.007
478	0.008
482	0.009
486	0.008
490	0.006
494	0.003
498	0.005
502	0.005
506	0.008
510	0.004
514	0.004
518	0.003
522	0.004
526	0.003
530	0.004
534	0.006
538	0.006
542	0.008
546	0.008
550	0.009
554	0.008
558	0.01
562	0.01
566	0.008
570	0.008
574	0.008
578	0.008
582	0.007
586	0.005
590	0.008
594	0.009
598	0.008
602	0.006
606	0.007
610	0.004
614	0.007
618	0.005
622	0.007
626	0.005
630	0.007
634	0.005
638	0.006
642	0.006
646	0.005
650	0.007
654	0.004
658	0.008
662	0.003
666	0.01
670	0.006
674	0.011
678	0.006
682	0.009
686	0.008
690	0.009
694	0.011
698	0.009
702	0.007
706	0.007
710	0.009
714	0.006
718	0.008
722	0.007
726	0.008
730	0.007
734	0.007
738	0.011
742	0.013
746	0.02
750	0.025
754	0.032
758	0.026
762	0.027
766	0.029
770	0.027
774	0.021
778	0.019
782	0.016
786	0.02
790	0.041
794	0.082
798	0173
802	0345
806	0643
810	1064
814	1473
818	1746
822	1787
826	1967
830	1713
834	1477
838	0452
842	0143
846	0132
850	0147
854	0163
858	0182
862	0199
866	0209
870	0225
874	0233
878	0257
882	0263
886	0268
890	0286
894	0329
898	0434
902	0352
906	0246
910	031
914	0286
918	0292
922	0268
926	0258
930	0233
934	0206
938	0188
942	0161
946	0142
950	0114
954	0101
958	0.081
962	0.073
966	0.062
970	0.056
974	0.044
978	0.041
982	0.047
986	0.042
990	0.028
994	0.018
998	0.014
1002	0.011
1006	0.011
1010	0.012
1014	0.011
1018	0.012
1022	0.012
1026	0.013
1030	0.012
1034	0.014
1038	0.012
1042	0.012
1046	0.011
1050	0.011
1054	0.012
1058	0.01
1062	0.012
1066	0.012
1070	0.014
1074	0.012
1078	0.015
1082	0.013
1086	0.013
1090	0.013
1094	0.013
1098	0.014
1102	0.014
1106	0.015
1110	0.013
1114	0.014
1118	0.013
1122	0.014
1126	0.014
1130	0.014
1134	0.016
1138	0.018
1142	0.02
1146	0.021
1150	0.027
1154	0.028
1158	0.032
1162	0.033
1166	0.037
1170	0.038
1174	0.04
1178	0.044
1182	0.053
1186	0.089
1190	0169
1194	0283
1198	0269
1202	0219
1206	03
1210	0322
1214	0192
1218	0.093
1222	0.052
1226	0.043
1230	0.039
1234	0.036
1238	0.032
1242	0.03
1246	0.027
1250	0.024
1254	0.022
1258	0.019
1262	0.018
1266	0.015
1270	0.014
1274	0.013
1278	0.012
1282	0.012
1286	0.011
1290	0.011
1294	0.011
1298	0.011
1302	0.011
1306	0.011
1310	0.011
1314	0.011
1318	0.01
1322	0.01
1326	0.011
1330	0.011
1334	0.011
1338	0.009
1342	0.009
1346	0.011
1350	0.01
1354	0.01
1358	0.009
1362	0.01
1366	0.008
1370	0.011
1374	0.007
1378	0.01
1382	0.009
1386	0.01
1390	0.008
1394	0.008
1398	0.008
1402	0.009
1406	0.009
1410	0.01
1414	0.011
1418	0.007
1422	0.009
1426	0.01
1430	0.01
1434	0.009
1438	0.009
1442	0.011
1446	0.012
1450	0.009
1454	0.011
1458	0.006
1462	0.007
1466	0.014
1470	0.007
1474	0.009
1478	0.01
1482	0.012
1486	0.009
1490	0.011
1494	0.01
1498	0.008
1502	0.012
1506	0.009
1510	0.003
1514	0.012
1518	0.007
1522	0.005
1526	0.009
1530	0.01
1534	0.012
1538	0.005
1542	0.01
1546	0.006
1550	0.015
1554	0.008
1558	0.012
1562	0.004
1566	0.014
1570	0.01
1574	0.015
1578	0.008
1582	0.018
1586	0.013
1590	0.015
1594	0.015
1598	0.015
1602	0.016
1606	0.015
1610	0.019
1614	0.013
1618	0.02
1622	0.017
1626	0.024
1630	0.025
1634	0.035
1638	0.045
1642	0.069
1646	0.09
1650	0126
1654	0.096
1658	0.091
1662	011
1666	0.09
1670	0.053
1674	0.035
1678	0.023
1682	0.026
1686	0.013
1690	0.02
1694	0.016
1698	0.014
1702	0.006
1706	0.013
1710	0.012
1714	0.01
1718	0.006
1722	0.01
1726	0.01
1730	0.007
1734	0.009
1738	0.005
1742	0.011
1746	0.008
1750	0.008
1754	0.008
1758	0.011
1762	0.008
1766	0.01
1770	0.009
1774	0.006
1778	0.012
1782	0.008
1786	0.014
1790	0.008
1794	0.012
1798	0.011
1802	0.012
1806	0.012
1810	0.012
1814	0.011
1818	0.012
1822	0.013
1826	0.01
1830	0.012
1834	0.01
1838	0.014
1842	0.008
1846	0.009
1850	0.009
1854	0.01
1858	0.008
1862	0.01
1866	0.008
1870	0.006
1874	0.009
1878	0.007
1882	0.009
1886	0.007
1890	0.008
1894	0.007
1898	0.008
1902	0.008
1906	0.007
1910	0.007
1914	0.007
1918	0.006
1922	0.007
1926	0.007
1930	0.008
1934	0.007
1938	0.007
1942	0.006
1946	0.007
1950	0.007
1954	0.007
1958	0.006
1962	0.007
1966	0.006
1970	0.007
1974	0.007
1978	0.007
1982	0.007
1986	0.007
1990	0.007
1994	0.006
1998	0.007
2002	0.007
2006	0.007
2010	0.007
2014	0.007
2018	0.007
2022	0.007
2026	0.007
2030	0.007
2034	0.007
2038	0.007
2042	0.007
2046	0.007
2050	0.008
2054	0.007
2058	0.008
2062	0.007
2066	0.007
2070	0.007
2074	0.008
2078	0.009
2082	0.01
2086	0.012
2090	0.013
2094	0.014
2098	0.014
2102	0.014
2106	0.013
2110	0.009
2114	0.007
2118	0.007
2122	0.007
2126	0.006
2130	0.007
2134	0.006
2138	0.006
2142	0.006
2146	0.006
2150	0.006
2154	0.006
2158	0.006
2162	0.006
2166	0.006
2170	0.006
2174	0.006
2178	0.006
2182	0.006
2186	0.006
2190	0.006
2194	0.006
2198	0.006
2202	0.006
2206	0.006
2210	0.006
2214	0.006
2218	0.006
2222	0.006
2226	0.006
2230	0.006
2234	0.006
2238	0.006
2242	0.006
2246	0.006
2250	0.006
2254	0.006
2258	0.006
2262	0.006
2266	0.006
2270	0.006
2274	0.006
2278	0.006
2282	0.007
2286	0.007
2290	0.008
2294	0.009
2298	0.01
2302	0.01
2306	0.012
2310	0.013
2314	0.013
2318	0.014
2322	0.015
2326	0.013
2330	0.015
2334	0.015
2338	0.011
2342	0.017
2346	0.013
2350	0.014
2354	0.017
2358	0.015
2362	0.02
2366	0.016
2370	0.014
2374	0.012
2378	0.01
2382	0.009
2386	0.007
2390	0.006
2394	0.005
2398	0.005
2402	0.005
2406	0.005
2410	0.005
2414	0.005
2418	0.005
2422	0.005
2426	0.006
2430	0.006
2434	0.006
2438	0.006
2442	0.006
2446	0.006
2450	0.006
2454	0.006
2458	0.007
2462	0.007
2466	0.006
2470	0.006
2474	0.007
2478	0.007
2482	0.006
2486	0.006
2490	0.006
2494	0.006
2498	0.006
2502	0.006
2506	0.005
2510	0.005
2514	0.005
2518	0.005
2522	0.004
2526	0.004
2530	0.004
2534	0.004
2538	0.004
2542	0.004
2546	0.004
2550	0.004
2554	0.004
2558	0.003
2562	0.003
2566	0.003
2570	0.003
2574	0.004
2578	0.003
2582	0.003
2586	0.003
2590	0.003
2594	0.003
2598	0.003
2602	0.003
2606	0.003
2610	0.003
2614	0.003
2618	0.003
2622	0.003
2626	0.003
2630	0.003
2634	0.003
2638	0.002
2642	0.002
2646	0.003
2650	0.003
2654	0.003
2658	0.003
2662	0.003
2666	0.003
2670	0.003
2674	0.003
2678	0.003
2682	0.003
2686	0.003
2690	0.003
2694	0.003
2698	0.003
2702	0.004
2706	0.004
2710	0.004
2714	0.004
2718	0.004
2722	0.004
2726	0.005
2730	0.005
2734	0.005
2738	0.005
2742	0.006
2746	0.005
2750	0.006
2754	0.006
2758	0.007
2762	0.008
2766	0.01
2770	0.01
2774	0.008
2778	0.009
2782	0.009
2786	0.006
2790	0.005
2794	0.005
2798	0.005
2802	0.005
2806	0.005
2810	0.005
2814	0.005
2818	0.005
2822	0.005
2826	0.005
2830	0.005
2834	0.005
2838	0.005
2842	0.005
2846	0.005
2850	0.005
2854	0.005
2858	0.005
2862	0.005
2866	0.005
2870	0.005
2874	0.005
2878	0.005
2882	0.005
2886	0.005
2890	0.005
2894	0.006
2898	0.006
2902	0.006
2906	0.005
2910	0.006
2914	0.006
2918	0.006
2922	0.006
2926	0.006
2930	0.006
2934	0.006
2938	0.006
2942	0.006
2946	0.006
2950	0.006
2954	0.006
2958	0.006
2962	0.006
2966	0.006
2970	0.006
2974	0.006
2978	0.006
2982	0.006
2986	0.007
2990	0.006
2994	0.007
2998	0.007
3002	0.007
3006	0.007
3010	0.007
3014	0.007
3018	0.007
3022	0.008
3026	0.008
3030	0.008
3034	0.008
3038	0.009
3042	0.01
3046	0.011
3050	0.011
3054	0.011
3058	0.012
3062	0.013
3066	0.016
3070	0.02
3074	0.031
3078	0.051
3082	0.094
3086	0161
3090	0221
3094	0206
3098	0177
3102	0208
3106	0187
3110	0.089
3114	0.037
3118	0.018
3122	0.014
3126	0.012
3130	0.011
3134	0.011
3138	0.01
3142	0.01
3146	0.009
3150	0.009
3154	0.008
3158	0.009
3162	0.008
3166	0.008
3170	0.008
3174	0.008
3178	0.008
3182	0.007
3186	0.008
3190	0.007
3194	0.008
3198	0.007
3202	0.008
3206	0.008
3210	0.008
3214	0.008
3218	0.008
3222	0.008
3226	0.008
3230	0.008
3234	0.008
3238	0.008
3242	0.008
3246	0.008
3250	0.008
3254	0.008
3258	0.008
3262	0.008
3266	0.008
3270	0.008
3274	0.008
3278	0.008
3282	0.008
3286	0.008
3290	0.008
3294	0.008
3298	0.008
3302	0.008
3306	0.008
3310	0.009
3314	0.008
3318	0.008
3322	0.008
3326	0.008
3330	0.008
3334	0.008
3338	0.008
3342	0.008
3346	0.009
3350	0.009
3354	0.009
3358	0.008
3362	0.009
3366	0.008
3370	0.009
3374	0.009
3378	0.009
3382	0.009
3386	0.009
3390	0.01
3394	0.009
3398	0.01
3402	0.009
3406	0.01
3410	0.009
3414	0.01
3418	0.009
3422	0.009
3426	0.009
3430	0.009
3434	0.01
3438	0.009
3442	0.01
3446	0.009
3450	0.01
3454	0.009
3458	0.01
3462	0.01
3466	0.009
3470	0.01
3474	0.009
3478	0.01
3482	0.009
3486	0.01
3490	0.01
3494	0.01
3498	0.01
3502	0.01
3506	0.01
3510	0.01
3514	0.01
3518	0.011
3522	0.009
3526	0.01
3530	0.01
3534	0.01
3538	0.01
3542	0.01
3546	0.01
3550	0.011
3554	0.009
3558	0.013
3562	0.01
3566	0.011
3570	0.011
3574	0.01
3578	0.012
3582	0.01
3586	0.013
3590	0.009
3594	0.01
3598	0.013
3602	0.009
3606	0.014
3610	0.01
3614	0.012
3618	0.009
3622	0.011
3626	0.014
3630	0.005
3634	0.016
3638	0.009
3642	0.014
3646	0.012
3650	0.006
3654	0.016
3658	0.007
3662	0.017
3666	0.011
3670	0.013
3674	0.011
3678	0.007
3682	0.016
3686	0.009
3690	0.014
3694	0.009
3698	0.015
3702	0.011
3706	0.013
3710	0.014
3714	0.01
3718	0.012
3722	0.016
3726	0.01
3730	0.014
3734	0.009
3738	0.016
3742	0.002
3746	0.018
3750	0.005
3754	0.009
3758	0.015
3762	0.01
3766	0.012
3770	0.012
3774	0.013
3778	0.012
3782	0.011
3786	0.014
3790	0.013
3794	0.01
3798	0.017
3802	0.003
3806	0.017
3810	0.008
3814	0.013
3818	0.012
3822	0.005
3826	0.015
3830	0.011
3834	0.009
3838	0.011
3842	0.012
3846	0.007
3850	0.017
3854	0.006
3858	0.009
3862	0.014
3866	0.008
3870	0.01
3874	0.01
3878	0.013
3882	0.005
3886	0.016
3890	0.006
3894	0.016
3898	0.008
3902	0.012
3906	0.007
3910	0.013
3914	0.011
3918	0.011
3922	0.011
3926	0.009
3930	0.012
3934	0.011
3938	0.013
3942	0.013
3946	0.015
3950	0.009
3954	0.015
3958	0.012
3962	0.012
3966	0.009
