5999.4602050781	0.0980257988
5997.5317382813	0.0980047733
5995.6032714844	0.0979548916
5993.6748046875	0.0978244543
5991.7463378906	0.0978452638
5989.8178710938	0.0981223881
5987.8894042969	0.0981441513
5985.9609375000	0.0978954434
5984.0324707031	0.0977085531
5982.1040039063	0.0974427760
5980.1755371094	0.0973495692
5978.2470703125	0.0976950675
5976.3186035156	0.0979687050
5974.3901367188	0.0979733765
5972.4616699219	0.0980430245
5970.5332031250	0.0981601924
5968.6047363281	0.0980355665
5966.6762695313	0.0977565870
5964.7478027344	0.0976410285
5962.8193359375	0.0976913273
5960.8908691406	0.0978511125
5958.9624023438	0.0980651155
5957.0339355469	0.0979334563
5955.1054687500	0.0973557606
5953.1770019531	0.0971420705
5951.2485351563	0.0977357849
5949.3200683594	0.0981822833
5947.3916015625	0.0980388597
5945.4631347656	0.0980390012
5943.5346679688	0.0981135592
5941.6062011719	0.0977103263
5939.6777343750	0.0971236527
5937.7492675781	0.0969390571
5935.8208007813	0.0970671922
5933.8923339844	0.0969431996
5931.9638671875	0.0965529904
5930.0354003906	0.0964570418
5928.1069335938	0.0968392491
5926.1784667969	0.0972000286
5924.2500000000	0.0972720385
5922.3215332031	0.0971285403
5920.3930664063	0.0966465399
5918.4645996094	0.0962510258
5916.5361328125	0.0962493420
5914.6076660156	0.0961738154
5912.6791992188	0.0961886719
5910.7507324219	0.0965119004
5908.8222656250	0.0966861844
5906.8937988281	0.0966431350
5904.9653320313	0.0965786949
5903.0368652344	0.0963850319
5901.1083984375	0.0959991887
5899.1799316406	0.0959658325
5897.2514648438	0.0966667756
5895.3229980469	0.0972030386
5893.3945312500	0.0968918130
5891.4660644531	0.0963285789
5889.5375976563	0.0959112719
5887.6091308594	0.0956976488
5885.6806640625	0.0959194452
5883.7521972656	0.0963147059
5881.8237304688	0.0964360908
5879.8952636719	0.0964622498
5877.9667968750	0.0968285054
5876.0383300781	0.0971912220
5874.1098632813	0.0968800411
5872.1813964844	0.0963171050
5870.2529296875	0.0961645469
5868.3244628906	0.0962400883
5866.3959960938	0.0962716714
5864.4675292969	0.0961683616
5862.5390625000	0.0959962159
5860.6105957031	0.0961333513
5858.6821289063	0.0965816453
5856.7536621094	0.0967437252
5854.8251953125	0.0963448286
5852.8967285156	0.0956897736
5850.9682617188	0.0952153280
5849.0397949219	0.0950787142
5847.1113281250	0.0952359885
5845.1828613281	0.0957973301
5843.2543945313	0.0963559151
5841.3259277344	0.0961191356
5839.3974609375	0.0954308733
5837.4689941406	0.0952590033
5835.5405273438	0.0953911245
5833.6120605469	0.0950643495
5831.6835937500	0.0946642235
5829.7551269531	0.0949735269
5827.8266601563	0.0959000066
5825.8981933594	0.0965405777
5823.9697265625	0.0961502045
5822.0412597656	0.0953849033
5820.1127929688	0.0950801969
5818.1843261719	0.0949477926
5816.2558593750	0.0948671699
5814.3273925781	0.0950414985
5812.3989257813	0.0952986777
5810.4704589844	0.0956059471
5808.5419921875	0.0959960893
5806.6135253906	0.0961545929
5804.6850585938	0.0959578305
5802.7565917969	0.0956656709
5800.8281250000	0.0954184979
5798.8996582031	0.0949988216
5796.9711914063	0.0942794010
5795.0427246094	0.0938057154
5793.1142578125	0.0939309299
5791.1857910156	0.0940641537
5789.2573242188	0.0938196331
5787.3288574219	0.0933896154
5785.4003906250	0.0930110738
5783.4719238281	0.0929956883
5781.5434570313	0.0933000445
5779.6149902344	0.0936180428
5777.6865234375	0.0939227417
5775.7580566406	0.0939695612
5773.8295898438	0.0937409550
5771.9011230469	0.0937996134
5769.9726562500	0.0940909386
5768.0441894531	0.0942417756
5766.1157226563	0.0944022760
5764.1872558594	0.0946713760
5762.2587890625	0.0947577283
5760.3303222656	0.0944024697
5758.4018554688	0.0940269381
5756.4733886719	0.0941654667
5754.5449218750	0.0943149775
5752.6164550781	0.0939959884
5750.6879882813	0.0938318446
5748.7595214844	0.0941271111
5746.8310546875	0.0943661779
5744.9025878906	0.0943251029
5742.9741210938	0.0941089392
5741.0456542969	0.0938427895
5739.1171875000	0.0936378539
5737.1887207031	0.0933951065
5735.2602539063	0.0931001082
5733.3317871094	0.0928854197
5731.4033203125	0.0927491188
5729.4748535156	0.0928333625
5727.5463867188	0.0931578428
5725.6179199219	0.0932334587
5723.6894531250	0.0929955915
5721.7609863281	0.0929270610
5719.8325195313	0.0930966735
5717.9040527344	0.0933097079
5715.9755859375	0.0935273319
5714.0471191406	0.0937205255
5712.1186523438	0.0937906206
5710.1901855469	0.0936464667
5708.2617187500	0.0933375657
5706.3332519531	0.0929242447
5704.4047851563	0.0924490616
5702.4763183594	0.0921386108
5700.5478515625	0.0922028124
5698.6193847656	0.0925759673
5696.6909179688	0.0929575339
5694.7624511719	0.0930378512
5692.8339843750	0.0928682685
5690.9055175781	0.0927848965
5688.9770507813	0.0929172263
5687.0485839844	0.0930752531
5685.1201171875	0.0931155086
5683.1916503906	0.0930129960
5681.2631835938	0.0926965103
5679.3347167969	0.0923605710
5677.4062500000	0.0922400132
5675.4777832031	0.0922440067
5673.5493164063	0.0923687145
5671.6208496094	0.0924988016
5669.6923828125	0.0925923362
5667.7639160156	0.0929469094
5665.8354492188	0.0932230651
5663.9069824219	0.0927903429
5661.9785156250	0.0920137763
5660.0500488281	0.0916882828
5658.1215820313	0.0918482617
5656.1931152344	0.0921344832
5654.2646484375	0.0923900679
5652.3361816406	0.0925275013
5650.4077148438	0.0926003829
5648.4792480469	0.0925197154
5646.5507812500	0.0920956284
5644.6223144531	0.0915465578
5642.6938476563	0.0911762342
5640.7653808594	0.0911588222
5638.8369140625	0.0914300680
5636.9084472656	0.0914723799
5634.9799804688	0.0909949169
5633.0515136719	0.0904909745
5631.1230468750	0.0904448405
5629.1945800781	0.0906684697
5627.2661132813	0.0907608792
5625.3376464844	0.0907016098
5623.4091796875	0.0908640027
5621.4807128906	0.0912743658
5619.5522460938	0.0915036350
5617.6237792969	0.0914192796
5615.6953125000	0.0911834762
5613.7668457031	0.0909961984
5611.8383789063	0.0909695104
5609.9099121094	0.0908783600
5607.9814453125	0.0906170011
5606.0529785156	0.0904836059
5604.1245117188	0.0904519856
5602.1960449219	0.0903726518
5600.2675781250	0.0903877467
5598.3391113281	0.0903126597
5596.4106445313	0.0901495814
5594.4821777344	0.0902774185
5592.5537109375	0.0905705690
5590.6252441406	0.0907249302
5588.6967773438	0.0907056630
5586.7683105469	0.0905748606
5584.8398437500	0.0903515443
5582.9113769531	0.0900485665
5580.9829101563	0.0897386521
5579.0544433594	0.0894857943
5577.1259765625	0.0893608704
5575.1975097656	0.0893659592
5573.2690429688	0.0893919021
5571.3405761719	0.0893511027
5569.4121093750	0.0893489718
5567.4836425781	0.0895232558
5565.5551757813	0.0897577107
5563.6267089844	0.0897753537
5561.6982421875	0.0895814151
5559.7697753906	0.0897815526
5557.8413085938	0.0904033408
5555.9128417969	0.0904796273
5553.9843750000	0.0899311900
5552.0559082031	0.0895899460
5550.1274414063	0.0896105096
5548.1989746094	0.0896014050
5546.2705078125	0.0894542038
5544.3420410156	0.0894041210
5542.4135742188	0.0895916373
5540.4851074219	0.0897818804
5538.5566406250	0.0896571875
5536.6281738281	0.0892803818
5534.6997070313	0.0890710428
5532.7712402344	0.0892492011
5530.8427734375	0.0895320475
5528.9143066406	0.0896159038
5526.9858398438	0.0896213204
5525.0573730469	0.0896235183
5523.1289062500	0.0893804878
5521.2004394531	0.0891177878
5519.2719726563	0.0893231854
5517.3435058594	0.0897788256
5515.4150390625	0.0901148319
5513.4865722656	0.0902582258
5511.5581054688	0.0899895206
5509.6296386719	0.0892931297
5507.7011718750	0.0887013301
5505.7727050781	0.0886460841
5503.8442382813	0.0890847147
5501.9157714844	0.0895584822
5499.9873046875	0.0894950479
5498.0588378906	0.0890798494
5496.1303710938	0.0885308906
5494.2019042969	0.0875361413
5492.2734375000	0.0867158696
5490.3449707031	0.0866572186
5488.4165039063	0.0868751705
5486.4880371094	0.0874307752
5484.5595703125	0.0883278996
5482.6311035156	0.0887348652
5480.7026367188	0.0885540545
5478.7741699219	0.0880031660
5476.8457031250	0.0868427679
5474.9172363281	0.0859530121
5472.9887695313	0.0862939060
5471.0603027344	0.0868505388
5469.1318359375	0.0867358446
5467.2033691406	0.0864075646
5465.2749023438	0.0862444267
5463.3464355469	0.0861066058
5461.4179687500	0.0861119404
5459.4895019531	0.0865824148
5457.5610351563	0.0870450810
5455.6325683594	0.0872396976
5453.7041015625	0.0875296220
5451.7756347656	0.0873006135
5449.8471679688	0.0861972943
5447.9187011719	0.0851742104
5445.9902343750	0.0848323479
5444.0617675781	0.0848436803
5442.1333007813	0.0848184675
5440.2048339844	0.0851835683
5438.2763671875	0.0856857002
5436.3479003906	0.0852218345
5434.4194335938	0.0847776160
5432.4909667969	0.0852084830
5430.5625000000	0.0850932151
5428.6340332031	0.0847288892
5426.7055664063	0.0855825692
5424.7770996094	0.0868100375
5422.8486328125	0.0874305516
5420.9201660156	0.0879264250
5418.9916992188	0.0881969556
5417.0632324219	0.0871665999
5415.1347656250	0.0848779455
5413.2062988281	0.0830971673
5411.2778320313	0.0830170512
5409.3493652344	0.0843167305
5407.4208984375	0.0861282870
5405.4924316406	0.0872301385
5403.5639648438	0.0873560309
5401.6354980469	0.0873492956
5399.7070312500	0.0872416869
5397.7785644531	0.0863593370
5395.8500976563	0.0848054141
5393.9216308594	0.0839341730
5391.9931640625	0.0847418159
5390.0646972656	0.0859782845
5388.1362304688	0.0859291628
5386.2077636719	0.0851373374
5384.2792968750	0.0851408914
5382.3508300781	0.0859064758
5380.4223632813	0.0861301422
5378.4938964844	0.0848831385
5376.5654296875	0.0832003579
5374.6369628906	0.0831619799
5372.7084960938	0.0847306773
5370.7800292969	0.0862529874
5368.8515625000	0.0869332924
5366.9230957031	0.0868877545
5364.9946289063	0.0863479078
5363.0661621094	0.0860435143
5361.1376953125	0.0865879208
5359.2092285156	0.0872335508
5357.2807617188	0.0868028402
5355.3522949219	0.0850309357
5353.4238281250	0.0834002122
5351.4953613281	0.0834889859
5349.5668945313	0.0844736099
5347.6384277344	0.0845450535
5345.7099609375	0.0832516551
5343.7814941406	0.0823838785
5341.8530273438	0.0827393532
5339.9245605469	0.0824229866
5337.9960937500	0.0819458365
5336.0676269531	0.0831681862
5334.1391601563	0.0847419351
5332.2106933594	0.0852674097
5330.2822265625	0.0850052088
5328.3537597656	0.0844030231
5326.4252929688	0.0845395476
5324.4968261719	0.0856181309
5322.5683593750	0.0864061415
5320.6398925781	0.0866737142
5318.7114257813	0.0868386850
5316.7829589844	0.0869389102
5314.8544921875	0.0870187953
5312.9260253906	0.0869926438
5310.9975585938	0.0865664631
5309.0690917969	0.0856224820
5307.1406250000	0.0849425644
5305.2121582031	0.0852488801
5303.2836914063	0.0859509930
5301.3552246094	0.0864053816
5299.4267578125	0.0866088644
5297.4982910156	0.0866463408
5295.5698242188	0.0867090449
5293.6413574219	0.0867100507
5291.7128906250	0.0861262009
5289.7844238281	0.0853617042
5287.8559570313	0.0852958933
5285.9274902344	0.0856971741
5283.9990234375	0.0862236917
5282.0705566406	0.0866673216
5280.1420898438	0.0866900235
5278.2136230469	0.0865935683
5276.2851562500	0.0866945758
5274.3566894531	0.0868198052
5272.4282226563	0.0866758302
5270.4997558594	0.0863008499
5268.5712890625	0.0858907029
5266.6428222656	0.0849668980
5264.7143554688	0.0836048648
5262.7858886719	0.0832613111
5260.8574218750	0.0843850076
5258.9289550781	0.0855295807
5257.0004882813	0.0854513943
5255.0720214844	0.0849425644
5253.1435546875	0.0853697732
5251.2150878906	0.0855094790
5249.2866210938	0.0841427147
5247.3581542969	0.0828774571
5245.4296875000	0.0829804540
5243.5012207031	0.0841234028
5241.5727539063	0.0854996368
5239.6442871094	0.0861842856
5237.7158203125	0.0861095414
5235.7873535156	0.0856973380
5233.8588867188	0.0850832015
5231.9304199219	0.0845576897
5230.0019531250	0.0845735446
5228.0734863281	0.0846889615
5226.1450195313	0.0844127983
5224.2165527344	0.0845632255
5222.2880859375	0.0852330178
5220.3596191406	0.0855220184
5218.4311523438	0.0856737867
5216.5026855469	0.0861332491
5214.5742187500	0.0863574445
5212.6457519531	0.0859067068
5210.7172851563	0.0849148929
5208.7888183594	0.0834925920
5206.8603515625	0.0824597329
5204.9318847656	0.0829778239
5203.0034179688	0.0843562782
5201.0749511719	0.0851071328
5199.1464843750	0.0849876404
5197.2180175781	0.0847432911
5195.2895507813	0.0850914866
5193.3610839844	0.0857847556
5191.4326171875	0.0861332119
5189.5041503906	0.0859304294
5187.5756835938	0.0853815302
5185.6472167969	0.0850556418
5183.7187500000	0.0852905437
5181.7902832031	0.0855228081
5179.8618164063	0.0853582993
5177.9333496094	0.0853556246
5176.0048828125	0.0858994797
5174.0764160156	0.0864323601
5172.1479492188	0.0863118395
5170.2194824219	0.0860022679
5168.2910156250	0.0861647129
5166.3625488281	0.0862367898
5164.4340820313	0.0858320370
5162.5056152344	0.0855267569
5160.5771484375	0.0855261460
5158.6486816406	0.0854525566
5156.7202148438	0.0851281956
5154.7917480469	0.0848780647
5152.8632812500	0.0849082619
5150.9348144531	0.0849783197
5149.0063476563	0.0851597935
5147.0778808594	0.0856133103
5145.1494140625	0.0858069882
5143.2209472656	0.0853864998
5141.2924804688	0.0848566070
5139.3640136719	0.0847156048
5137.4355468750	0.0850334242
5135.5070800781	0.0855062008
5133.5786132813	0.0856704414
5131.6501464844	0.0855748430
5129.7216796875	0.0855171308
5127.7932128906	0.0855430439
5125.8647460938	0.0856727362
5123.9362792969	0.0857301950
5122.0078125000	0.0855568573
5120.0793457031	0.0854725018
5118.1508789063	0.0855076760
5116.2224121094	0.0853416100
5114.2939453125	0.0851539895
5112.3654785156	0.0851171091
5110.4370117188	0.0849533007
5108.5085449219	0.0846725106
5106.5800781250	0.0845712796
5104.6516113281	0.0846922696
5102.7231445313	0.0850231797
5100.7946777344	0.0853608623
5098.8662109375	0.0851885676
5096.9377441406	0.0845822617
5095.0092773438	0.0842382461
5093.0808105469	0.0843267888
5091.1523437500	0.0844178945
5089.2238769531	0.0844781399
5087.2954101563	0.0847649723
5085.3669433594	0.0851920992
5083.4384765625	0.0855583623
5081.5100097656	0.0856531933
5079.5815429688	0.0854582936
5077.6530761719	0.0852487609
5075.7246093750	0.0851553082
5073.7961425781	0.0851906165
5071.8676757813	0.0852893069
5069.9392089844	0.0852554739
5068.0107421875	0.0850480348
5066.0822753906	0.0848441496
5064.1538085938	0.0847281590
5062.2253417969	0.0846607015
5060.2968750000	0.0846390650
5058.3684082031	0.0846214220
5056.4399414063	0.0846587643
5054.5114746094	0.0847546160
5052.5830078125	0.0848034248
5050.6545410156	0.0849125087
5048.7260742188	0.0850805268
5046.7976074219	0.0851606950
5044.8691406250	0.0851714090
5042.9406738281	0.0851015300
5041.0122070313	0.0849715248
5039.0837402344	0.0849873871
5037.1552734375	0.0852043182
5035.2268066406	0.0852634758
5033.2983398438	0.0850052461
5031.3698730469	0.0849155262
5029.4414062500	0.0851813629
5027.5129394531	0.0852771848
5025.5844726563	0.0850491673
5023.6560058594	0.0848979354
5021.7275390625	0.0849175751
5019.7990722656	0.0849740729
5017.8706054688	0.0850595534
5015.9421386719	0.0851467848
5014.0136718750	0.0852424055
5012.0852050781	0.0853857845
5010.1567382813	0.0854842290
5008.2282714844	0.0854632407
5006.2998046875	0.0855311900
5004.3713378906	0.0857427493
5002.4428710938	0.0855734274
5000.5144042969	0.0849874243
4998.5859375000	0.0847844407
4996.6574707031	0.0850788802
4994.7290039063	0.0852632001
4992.8005371094	0.0852713808
4990.8720703125	0.0853397176
4988.9436035156	0.0853314027
4987.0151367188	0.0851655751
4985.0866699219	0.0850986689
4983.1582031250	0.0852074325
4981.2297363281	0.0852799788
4979.3012695313	0.0853109509
4977.3728027344	0.0854636431
4975.4443359375	0.0856832415
4973.5158691406	0.0857903659
4971.5874023438	0.0857702494
4969.6589355469	0.0856931135
4967.7304687500	0.0855490714
4965.8020019531	0.0853443816
4963.8735351563	0.0852075070
4961.9450683594	0.0852688923
4960.0166015625	0.0853764191
4958.0881347656	0.0852560699
4956.1596679688	0.0850225613
4954.2312011719	0.0849975273
4952.3027343750	0.0852272138
4950.3742675781	0.0854095668
4948.4458007813	0.0852481350
4946.5173339844	0.0849901885
4944.5888671875	0.0851278231
4942.6604003906	0.0855799615
4940.7319335938	0.0858599544
4938.8034667969	0.0858323500
4936.8750000000	0.0858003646
4934.9465332031	0.0859552920
4933.0180664063	0.0860437080
4931.0895996094	0.0858130455
4929.1611328125	0.0854230970
4927.2326660156	0.0851772726
4925.3041992188	0.0852371678
4923.3757324219	0.0853415132
4921.4472656250	0.0851817057
4919.5187988281	0.0850668252
4917.5903320313	0.0852441341
4915.6618652344	0.0854647458
4913.7333984375	0.0856412426
4911.8049316406	0.0859134570
4909.8764648438	0.0861635506
4907.9479980469	0.0861761793
4906.0195312500	0.0860704333
4904.0910644531	0.0859710947
4902.1625976563	0.0858601704
4900.2341308594	0.0858710930
4898.3056640625	0.0860396698
4896.3771972656	0.0862298459
4894.4487304688	0.0863845721
4892.5202636719	0.0863603503
4890.5917968750	0.0861900002
4888.6633300781	0.0861941352
4886.7348632813	0.0862190127
4884.8063964844	0.0859847218
4882.8779296875	0.0856863335
4880.9494628906	0.0855953470
4879.0209960938	0.0858630165
4877.0925292969	0.0863317326
4875.1640625000	0.0867322683
4873.2355957031	0.0868806988
4871.3071289063	0.0866660327
4869.3786621094	0.0864821151
4867.4501953125	0.0866579115
4865.5217285156	0.0867755860
4863.5932617188	0.0865019187
4861.6647949219	0.0860432908
4859.7363281250	0.0857057869
4857.8078613281	0.0858333632
4855.8793945313	0.0864486620
4853.9509277344	0.0869650692
4852.0224609375	0.0870355666
4850.0939941406	0.0867801979
4848.1655273438	0.0863454714
4846.2370605469	0.0860318020
4844.3085937500	0.0860971957
4842.3801269531	0.0863930956
4840.4516601563	0.0865848213
4838.5231933594	0.0866050720
4836.5947265625	0.0866986215
4834.6662597656	0.0868601128
4832.7377929688	0.0867877528
4830.8093261719	0.0865151212
4828.8808593750	0.0863326564
4826.9523925781	0.0863118693
4825.0239257813	0.0864215568
4823.0954589844	0.0866709948
4821.1669921875	0.0870070010
4819.2385253906	0.0872243121
4817.3100585938	0.0871409997
4815.3815917969	0.0869236737
4813.4531250000	0.0867862403
4811.5246582031	0.0867514312
4809.5961914063	0.0868770033
4807.6677246094	0.0869814828
4805.7392578125	0.0867971182
4803.8107910156	0.0864698514
4801.8823242188	0.0863009766
4799.9538574219	0.0863082111
4798.0253906250	0.0861534476
4796.0969238281	0.0858599246
4794.1684570313	0.0859306827
4792.2399902344	0.0863641053
4790.3115234375	0.0866473243
4788.3830566406	0.0864866301
4786.4545898438	0.0861266106
4784.5261230469	0.0860224664
4782.5976562500	0.0863616765
4780.6691894531	0.0868893042
4778.7407226563	0.0870406255
4776.8122558594	0.0866783559
4774.8837890625	0.0862816796
4772.9553222656	0.0861926302
4771.0268554688	0.0864187405
4769.0983886719	0.0868724808
4767.1699218750	0.0872419700
4765.2414550781	0.0872633904
4763.3129882813	0.0871584341
4761.3845214844	0.0871131942
4759.4560546875	0.0870576426
4757.5275878906	0.0870048851
4755.5991210938	0.0869779736
4753.6706542969	0.0870839953
4751.7421875000	0.0874062702
4749.8137207031	0.0876785815
4747.8852539063	0.0876890570
4745.9567871094	0.0875335783
4744.0283203125	0.0872357339
4742.0998535156	0.0869027674
4740.1713867188	0.0868160874
4738.2429199219	0.0869119465
4736.3144531250	0.0869697183
4734.3859863281	0.0870598555
4732.4575195313	0.0872776657
4730.5290527344	0.0875314325
4728.6005859375	0.0876705050
4726.6721191406	0.0875782967
4724.7436523438	0.0872901976
4722.8151855469	0.0869793370
4720.8867187500	0.0868144929
4718.9582519531	0.0867907852
4717.0297851563	0.0867706835
4715.1013183594	0.0868261904
4713.1728515625	0.0870123878
4711.2443847656	0.0870222226
4709.3159179688	0.0866361335
4707.3874511719	0.0861377940
4705.4589843750	0.0859698355
4703.5305175781	0.0861125067
4701.6020507813	0.0862964392
4699.6735839844	0.0864661187
4697.7451171875	0.0866150633
4695.8166503906	0.0867262110
4693.8881835938	0.0867946744
4691.9597167969	0.0868040696
4690.0312500000	0.0868287235
4688.1027832031	0.0869809762
4686.1743164063	0.0872604847
4684.2458496094	0.0874532238
4682.3173828125	0.0873276442
4680.3889160156	0.0869538710
4678.4604492188	0.0866064355
4676.5319824219	0.0865686387
4674.6035156250	0.0868388712
4672.6750488281	0.0870351642
4670.7465820313	0.0869477391
4668.8181152344	0.0867718235
4666.8896484375	0.0868389383
4664.9611816406	0.0870730802
4663.0327148438	0.0870975927
4661.1042480469	0.0870826095
4659.1757812500	0.0872255787
4657.2473144531	0.0872377679
4655.3188476563	0.0869726911
4653.3903808594	0.0865929723
4651.4619140625	0.0865024552
4649.5334472656	0.0867897049
4647.6049804688	0.0869352743
4645.6765136719	0.0868498161
4643.7480468750	0.0868599266
4641.8195800781	0.0868544951
4639.8911132813	0.0866865367
4637.9626464844	0.0864520073
4636.0341796875	0.0863090977
4634.1057128906	0.0863994807
4632.1772460938	0.0865692124
4630.2487792969	0.0865535066
4628.3203125000	0.0863287970
4626.3918457031	0.0861023664
4624.4633789063	0.0860483423
4622.5349121094	0.0861023441
4620.6064453125	0.0861726925
4618.6779785156	0.0862941593
4616.7495117188	0.0865078196
4614.8210449219	0.0867341086
4612.8925781250	0.0868514180
4610.9641113281	0.0867758021
4609.0356445313	0.0865846947
4607.1071777344	0.0864302740
4605.1787109375	0.0862874910
4603.2502441406	0.0862169564
4601.3217773438	0.0862525403
4599.3933105469	0.0862744823
4597.4648437500	0.0863456279
4595.5363769531	0.0864334702
4593.6079101563	0.0864369720
4591.6794433594	0.0865173638
4589.7509765625	0.0866455808
4587.8225097656	0.0866048262
4585.8940429688	0.0864727274
4583.9655761719	0.0863428488
4582.0371093750	0.0861963481
4580.1086425781	0.0860823020
4578.1801757813	0.0860265344
4576.2517089844	0.0861380100
4574.3232421875	0.0864239931
4572.3947753906	0.0865562260
4570.4663085938	0.0865258649
4568.5378417969	0.0866979212
4566.6093750000	0.0868834555
4564.6809082031	0.0867088661
4562.7524414063	0.0864302740
4560.8239746094	0.0863445923
4558.8955078125	0.0863566250
4556.9670410156	0.0863717422
4555.0385742188	0.0864276811
4553.1101074219	0.0864170492
4551.1816406250	0.0862466693
4549.2531738281	0.0861072093
4547.3247070313	0.0861611813
4545.3962402344	0.0862557665
4543.4677734375	0.0860835388
4541.5393066406	0.0857509077
4539.6108398438	0.0855727047
4537.6823730469	0.0854897127
4535.7539062500	0.0855573192
4533.8254394531	0.0858949646
4531.8969726563	0.0861200243
4529.9685058594	0.0859270170
4528.0400390625	0.0855980217
4526.1115722656	0.0854589567
4524.1831054688	0.0855801776
4522.2546386719	0.0858419761
4520.3261718750	0.0859420151
4518.3977050781	0.0858485997
4516.4692382813	0.0858206525
4514.5407714844	0.0858983994
4512.6123046875	0.0859582201
4510.6838378906	0.0858829767
4508.7553710938	0.0857083127
4506.8269042969	0.0857450813
4504.8984375000	0.0860625729
4502.9699707031	0.0862542838
4501.0415039063	0.0862073004
4499.1130371094	0.0863165781
4497.1845703125	0.0866744369
4495.2561035156	0.0869222805
4493.3276367188	0.0869071707
4491.3991699219	0.0866945013
4489.4707031250	0.0864050984
4487.5422363281	0.0863455907
4485.6137695313	0.0865447894
4483.6853027344	0.0866086110
4481.7568359375	0.0865816250
4479.8283691406	0.0867732689
4477.8999023438	0.0868456960
4475.9714355469	0.0866337344
4474.0429687500	0.0866183490
4472.1145019531	0.0868079141
4470.1860351563	0.0868548676
4468.2575683594	0.0867773145
4466.3291015625	0.0867574960
4464.4006347656	0.0869144052
4462.4721679688	0.0872474387
4460.5437011719	0.0875588879
4458.6152343750	0.0877507105
4456.6867675781	0.0878466591
4454.7583007813	0.0877609774
4452.8298339844	0.0877383500
4450.9013671875	0.0879181549
4448.9729003906	0.0878746733
4447.0444335938	0.0876906067
4445.1159667969	0.0878105909
4443.1875000000	0.0880265906
4441.2590332031	0.0882112384
4439.3305664063	0.0884637982
4437.4020996094	0.0883753002
4435.4736328125	0.0881770477
4433.5451660156	0.0884305388
4431.6166992188	0.0885797665
4429.6882324219	0.0883386284
4427.7597656250	0.0882622376
4425.8312988281	0.0883673951
4423.9028320313	0.0884801671
4421.9743652344	0.0888785422
4420.0458984375	0.0891600996
4418.1174316406	0.0888992772
4416.1889648438	0.0888718963
4414.2604980469	0.0891806334
4412.3320312500	0.0889442936
4410.4035644531	0.0884428471
4408.4750976563	0.0885792300
4406.5466308594	0.0888871849
4404.6181640625	0.0888913721
4402.6896972656	0.0891734436
4400.7612304688	0.0894317776
4398.8327636719	0.0890898556
4396.9042968750	0.0888484269
4394.9758300781	0.0891317725
4393.0473632813	0.0891399458
4391.1188964844	0.0888471827
4389.1904296875	0.0889127776
4387.2619628906	0.0888748616
4385.3334960938	0.0885418728
4383.4050292969	0.0885133594
4381.4765625000	0.0887065679
4379.5480957031	0.0886024609
4377.6196289063	0.0884834453
4375.6911621094	0.0887616575
4373.7626953125	0.0889359042
4371.8342285156	0.0888006240
4369.9057617188	0.0887027606
4367.9772949219	0.0886369720
4366.0488281250	0.0883448049
4364.1203613281	0.0881094709
4362.1918945313	0.0882546231
4360.2634277344	0.0883212462
4358.3349609375	0.0880821124
4356.4064941406	0.0878702924
4354.4780273438	0.0879680067
4352.5495605469	0.0880277902
4350.6210937500	0.0878776461
4348.6926269531	0.0879517123
4346.7641601563	0.0880709141
4344.8356933594	0.0879429653
4342.9072265625	0.0879014507
4340.9787597656	0.0882398412
4339.0502929688	0.0884748995
4337.1218261719	0.0885822698
4335.1933593750	0.0893040150
4333.2648925781	0.0905430391
4331.3364257813	0.0917926505
4329.4079589844	0.0931171104
4327.4794921875	0.0950577781
4325.5510253906	0.0973545760
4323.6225585938	0.0995432287
4321.6940917969	0.1020349711
4319.7656250000	0.1051539406
4317.8371582031	0.1085851192
4315.9086914063	0.1115739495
4313.9802246094	0.1143288016
4312.0517578125	0.1173296720
4310.1232910156	0.1201785505
4308.1948242188	0.1224172339
4306.2663574219	0.1245373189
4304.3378906250	0.1273240149
4302.4094238281	0.1298282743
4300.4809570313	0.1313759685
4298.5524902344	0.1327835470
4296.6240234375	0.1346357763
4294.6955566406	0.1360504329
4292.7670898438	0.1362613738
4290.8386230469	0.1365227997
4288.9101562500	0.1373773217
4286.9816894531	0.1382388473
4285.0532226563	0.1386934668
4283.1247558594	0.1388972849
4281.1962890625	0.1385499835
4279.2678222656	0.1368350983
4277.3393554688	0.1343935132
4275.4108886719	0.1320390999
4273.4824218750	0.1298500896
4271.5539550781	0.1267142445
4269.6254882813	0.1224301234
4267.6970214844	0.1178578883
4265.7685546875	0.1130141020
4263.8400878906	0.1072524115
4261.9116210938	0.0994766951
4259.9831542969	0.0942544416
4258.0546875000	0.0966902003
4256.1262207031	0.1028059646
4254.1977539063	0.1075676754
4252.2692871094	0.1113913357
4250.3408203125	0.1150671467
4248.4123535156	0.1177145690
4246.4838867188	0.1195528954
4244.5554199219	0.1209954172
4242.6269531250	0.1222767457
4240.6984863281	0.1230021268
4238.7700195313	0.1227860153
4236.8415527344	0.1226844415
4234.9130859375	0.1226752996
4232.9846191406	0.1227344424
4231.0561523438	0.1221938208
4229.1276855469	0.1212391108
4227.1992187500	0.1207788438
4225.2707519531	0.1203781292
4223.3422851563	0.1201246306
4221.4138183594	0.1189683825
4219.4853515625	0.1180033013
4217.5568847656	0.1173553094
4215.6284179688	0.1160672754
4213.6999511719	0.1149683371
4211.7714843750	0.1135357171
4209.8430175781	0.1133724824
4207.9145507813	0.1128802076
4205.9860839844	0.1112296283
4204.0576171875	0.1101184562
4202.1291503906	0.1088931561
4200.2006835938	0.1088513136
4198.2722167969	0.1075642854
4196.3437500000	0.1056965888
4194.4152832031	0.1052326411
4192.4868164063	0.1041393578
4190.5583496094	0.1035527661
4188.6298828125	0.1018812060
4186.7014160156	0.1005031839
4184.7729492188	0.1007827073
4182.8444824219	0.0997513384
4180.9160156250	0.0987550914
4178.9875488281	0.0975117236
4177.0590820313	0.0964875221
4175.1306152344	0.0967004821
4173.2021484375	0.0955348238
4171.2736816406	0.0937096924
4169.3452148438	0.0929358602
4167.4167480469	0.0928841755
4165.4882812500	0.0931522995
4163.5598144531	0.0923624411
4161.6313476563	0.0909583792
4159.7028808594	0.0912646353
4157.7744140625	0.0921572968
4155.8459472656	0.0919361040
4153.9174804688	0.0910149664
4151.9890136719	0.0902995616
4150.0605468750	0.0909701511
4148.1320800781	0.0917041153
4146.2036132813	0.0910633653
4144.2751464844	0.0904276595
4142.3466796875	0.0909136236
4140.4182128906	0.0917254090
4138.4897460938	0.0914373025
4136.5612792969	0.0902925804
4134.6328125000	0.0898901150
4132.7043457031	0.0907453746
4130.7758789063	0.0913461149
4128.8474121094	0.0908288658
4126.9189453125	0.0901369303
4124.9904785156	0.0900107026
4123.0620117188	0.0904191136
4121.1335449219	0.0906168297
4119.2050781250	0.0902684554
4117.2766113281	0.0899000466
4115.3481445313	0.0900578126
4113.4196777344	0.0904746503
4111.4912109375	0.0903565139
4109.5627441406	0.0897793919
4107.6342773438	0.0893965438
4105.7058105469	0.0897230580
4103.7773437500	0.0903355703
4101.8488769531	0.0902351066
4099.9204101563	0.0894132778
4097.9919433594	0.0888574496
4096.0634765625	0.0893038511
4094.1350097656	0.0900506154
4092.2065429688	0.0899357796
4090.2780761719	0.0892258361
4088.3496093750	0.0892270058
4086.4211425781	0.0899719149
4084.4926757813	0.0902119279
4082.5642089844	0.0897876620
4080.6357421875	0.0897000805
4078.7072753906	0.0903216451
4076.7788085938	0.0908438712
4074.8503417969	0.0906218141
4072.9218750000	0.0901306272
4070.9934082031	0.0901432708
4069.0649414063	0.0904760882
4067.1364746094	0.0904858410
4065.2080078125	0.0902527869
4063.2795410156	0.0901678056
4061.3510742188	0.0903012156
4059.4226074219	0.0902789757
4057.4941406250	0.0900421739
4055.5656738281	0.0899847820
4053.6372070313	0.0901569724
4051.7087402344	0.0904301181
4049.7802734375	0.0906762257
4047.8518066406	0.0908120200
4045.9233398438	0.0907597914
4043.9948730469	0.0907037780
4042.0664062500	0.0908970982
4040.1379394531	0.0910944939
4038.2094726563	0.0911441371
4036.2810058594	0.0911429003
4034.3525390625	0.0911235735
4032.4240722656	0.0911271870
4030.4956054688	0.0913074613
4028.5671386719	0.0915362909
4026.6386718750	0.0914352462
4024.7102050781	0.0911128148
4022.7817382813	0.0908951461
4020.8532714844	0.0909151509
4018.9248046875	0.0911325514
4016.9963378906	0.0913597867
4015.0678710938	0.0914625078
4013.1394042969	0.0915170535
4011.2109375000	0.0915958136
4009.2824707031	0.0916248336
4007.3540039063	0.0916277394
4005.4255371094	0.0916176438
4003.4970703125	0.0916666389
4001.5686035156	0.0918437690
3999.6401367188	0.0919424370
3997.7116699219	0.0918418393
3995.7832031250	0.0917418152
3993.8547363281	0.0917523578
3991.9262695313	0.0916314498
3989.9978027344	0.0915068015
3988.0693359375	0.0917896181
3986.1408691406	0.0921813697
3984.2124023438	0.0922572315
3982.2839355469	0.0922186524
3980.3554687500	0.0922535881
3978.4270019531	0.0921699405
3976.4985351563	0.0919465944
3974.5700683594	0.0918579623
3972.6416015625	0.0919982940
3970.7131347656	0.0922205150
3968.7846679688	0.0924562365
3966.8562011719	0.0926311687
3964.9277343750	0.0924869850
3962.9992675781	0.0920418054
3961.0708007813	0.0917856172
3959.1423339844	0.0919344723
3957.2138671875	0.0922051147
3955.2854003906	0.0923400819
3953.3569335938	0.0920236334
3951.4284667969	0.0910422280
3949.5000000000	0.0900462493
3947.5715332031	0.0899513066
3945.6430664063	0.0902222246
3943.7145996094	0.0899769515
3941.7861328125	0.0900870785
3939.8576660156	0.0911580548
3937.9291992188	0.0921493918
3936.0007324219	0.0918210223
3934.0722656250	0.0898647457
3932.1437988281	0.0881048590
3930.2153320313	0.0885253921
3928.2868652344	0.0898555741
3926.3583984375	0.0899376571
3924.4299316406	0.0893816277
3922.5014648438	0.0892573074
3920.5729980469	0.0884483755
3918.6445312500	0.0868596733
3916.7160644531	0.0869367942
3914.7875976563	0.0895401910
3912.8591308594	0.0922621861
3910.9306640625	0.0933601856
3909.0021972656	0.0926188082
3907.0737304688	0.0889739990
3905.1452636719	0.0827568918
3903.2167968750	0.0775119588
3901.2883300781	0.0760643184
3899.3598632813	0.0788961649
3897.4313964844	0.0846580714
3895.5029296875	0.0886913911
3893.5744628906	0.0875796303
3891.6459960938	0.0848490521
3889.7175292969	0.0849172547
3887.7890625000	0.0845229477
3885.8605957031	0.0821825862
3883.9321289063	0.0818027407
3882.0036621094	0.0822887272
3880.0751953125	0.0831601992
3878.1467285156	0.0861967877
3876.2182617188	0.0874568969
3874.2897949219	0.0851811990
3872.3613281250	0.0812560618
3870.4328613281	0.0777336434
3868.5043945313	0.0779116377
3866.5759277344	0.0796221420
3864.6474609375	0.0799175799
3862.7189941406	0.0817239881
3860.7905273438	0.0855804980
3858.8620605469	0.0871064961
3856.9335937500	0.0813711882
3855.0051269531	0.0682294443
3853.0766601563	0.0604998767
3851.1481933594	0.0692910254
3849.2197265625	0.0822942257
3847.2912597656	0.0889996439
3845.3627929688	0.0890202597
3843.4343261719	0.0855282918
3841.5058593750	0.0809637159
3839.5773925781	0.0761821121
3837.6489257813	0.0738296211
3835.7204589844	0.0757619366
3833.7919921875	0.0793654695
3831.8635253906	0.0829440281
3829.9350585938	0.0863097608
3828.0065917969	0.0880933255
3826.0781250000	0.0879645571
3824.1496582031	0.0846695155
3822.2211914063	0.0778582767
3820.2927246094	0.0745644793
3818.3642578125	0.0765976682
3816.4357910156	0.0789769366
3814.5073242188	0.0836849585
3812.5788574219	0.0899304599
3810.6503906250	0.0917466730
3808.7219238281	0.0876549184
3806.7934570313	0.0831432641
3804.8649902344	0.0815239176
3802.9365234375	0.0785779357
3801.0080566406	0.0767675415
3799.0795898438	0.0801702514
3797.1511230469	0.0843574703
3795.2226562500	0.0883420184
3793.2941894531	0.0925932601
3791.3657226563	0.0950036123
3789.4372558594	0.0954915434
3787.5087890625	0.0948548391
3785.5803222656	0.0937459320
3783.6518554688	0.0930297151
3781.7233886719	0.0917193964
3779.7949218750	0.0899526179
3777.8664550781	0.0906912163
3775.9379882813	0.0934928432
3774.0095214844	0.0944514051
3772.0810546875	0.0916626528
3770.1525878906	0.0877625942
3768.2241210938	0.0866602436
3766.2956542969	0.0879506692
3764.3671875000	0.0898793489
3762.4387207031	0.0904628262
3760.5102539063	0.0882402882
3758.5817871094	0.0862585157
3756.6533203125	0.0859417841
3754.7248535156	0.0828686208
3752.7963867188	0.0744982883
3750.8679199219	0.0667375773
3748.9394531250	0.0668558031
3747.0109863281	0.0681829154
3745.0825195313	0.0661711171
3743.1540527344	0.0700722337
3741.2255859375	0.0794397146
3739.2971191406	0.0829621553
3737.3686523438	0.0785466656
3735.4401855469	0.0726207271
3733.5117187500	0.0723549426
3731.5832519531	0.0787520781
3729.6547851563	0.0860410929
3727.7263183594	0.0887465999
3725.7978515625	0.0879963115
3723.8693847656	0.0875178501
3721.9409179688	0.0883384272
3720.0124511719	0.0903545395
3718.0839843750	0.0925975367
3716.1555175781	0.0925692767
3714.2270507813	0.0880020186
3712.2985839844	0.0812213272
3710.3701171875	0.0796465203
3708.4416503906	0.0849788636
3706.5131835938	0.0911143199
3704.5847167969	0.0930485055
3702.6562500000	0.0915761814
3700.7277832031	0.0916505978
3698.7993164063	0.0942467526
3696.8708496094	0.0961426795
3694.9423828125	0.0953344032
3693.0139160156	0.0906843841
3691.0854492188	0.0828794613
3689.1569824219	0.0778579563
3687.2285156250	0.0815007463
3685.3000488281	0.0893501192
3683.3715820313	0.0942082331
3681.4431152344	0.0943649560
3679.5146484375	0.0900202915
3677.5861816406	0.0809613466
3675.6577148438	0.0728826001
3673.7292480469	0.0731723458
3671.8007812500	0.0755786821
3669.8723144531	0.0768655315
3667.9438476563	0.0828495771
3666.0153808594	0.0910716653
3664.0869140625	0.0960171819
3662.1584472656	0.0975111350
3660.2299804688	0.0965370461
3658.3015136719	0.0929561779
3656.3730468750	0.0894795209
3654.4445800781	0.0883835778
3652.5161132813	0.0844052881
3650.5876464844	0.0755799413
3648.6591796875	0.0710741505
3646.7307128906	0.0772921368
3644.8022460938	0.0873767659
3642.8737792969	0.0939865038
3640.9453125000	0.0966179073
3639.0168457031	0.0975469425
3637.0883789063	0.0974378511
3635.1599121094	0.0962871760
3633.2314453125	0.0936901197
3631.3029785156	0.0871150270
3629.3745117188	0.0794577748
3627.4460449219	0.0812908411
3625.5175781250	0.0904937461
3623.5891113281	0.0957114622
3621.6606445313	0.0938374028
3619.7321777344	0.0892455727
3617.8037109375	0.0880681202
3615.8752441406	0.0896157250
3613.9467773438	0.0899435729
3612.0183105469	0.0892825797
3610.0898437500	0.0887743980
3608.1613769531	0.0899101049
3606.2329101563	0.0938536152
3604.3044433594	0.0977847353
3602.3759765625	0.0989861935
3600.4475097656	0.0985563695
3598.5190429688	0.0980468243
3596.5905761719	0.0973097458
3594.6621093750	0.0970359221
3592.7336425781	0.0978274718
3590.8051757813	0.0970231965
3588.8767089844	0.0933686271
3586.9482421875	0.0916352198
3585.0197753906	0.0948684588
3583.0913085938	0.0990982801
3581.1628417969	0.1012417153
3579.2343750000	0.1019124687
3577.3059082031	0.1022283286
3575.3774414063	0.1026538312
3573.4489746094	0.1031504050
3571.5205078125	0.1022128612
3569.5920410156	0.0980316326
3567.6635742188	0.0932482854
3565.7351074219	0.0932937488
3563.8066406250	0.0975051448
3561.8781738281	0.1011737138
3559.9497070313	0.1030648351
3558.0212402344	0.1041743606
3556.0927734375	0.1045728102
3554.1643066406	0.1040198430
3552.2358398438	0.1034107804
3550.3073730469	0.1033775806
3548.3789062500	0.1028238460
3546.4504394531	0.1016156897
3544.5219726563	0.1016636193
3542.5935058594	0.1034861431
3540.6650390625	0.1053803265
3538.7365722656	0.1061478630
3536.8081054688	0.1062036231
3534.8796386719	0.1063273549
3532.9511718750	0.1065088958
3531.0227050781	0.1062142104
3529.0942382813	0.1054918617
3527.1657714844	0.1050099209
3525.2373046875	0.1048864499
3523.3088378906	0.1051799208
3521.3803710938	0.1063170582
3519.4519042969	0.1077750474
3517.5234375000	0.1086782962
3515.5949707031	0.1090653241
3513.6665039063	0.1090832278
3511.7380371094	0.1086880788
3509.8095703125	0.1084139422
3507.8811035156	0.1087248474
3505.9526367188	0.1089073941
3504.0241699219	0.1083694771
3502.0957031250	0.1082530245
3500.1672363281	0.1094462648
3498.2387695313	0.1107767895
3496.3103027344	0.1112945974
3494.3818359375	0.1116013527
3492.4533691406	0.1121702567
3490.5249023438	0.1126708165
3488.5964355469	0.1128435507
3486.6679687500	0.1128537878
3484.7395019531	0.1129656211
3482.8110351563	0.1132636443
3480.8825683594	0.1136942282
3478.9541015625	0.1142274961
3477.0256347656	0.1147843376
3475.0971679688	0.1152523458
3473.1687011719	0.1156811342
3471.2402343750	0.1159550175
3469.3117675781	0.1157809794
3467.3833007813	0.1154970601
3465.4548339844	0.1157514155
3463.5263671875	0.1163654178
3461.5979003906	0.1168221906
3459.6694335938	0.1171633378
3457.7409667969	0.1175394878
3455.8125000000	0.1179561466
3453.8840332031	0.1184893474
3451.9555664063	0.1188911498
3450.0270996094	0.1186319292
3448.0986328125	0.1179603040
3446.1701660156	0.1177938059
3444.2416992188	0.1183082387
3442.3132324219	0.1189917326
3440.3847656250	0.1194941625
3438.4562988281	0.1195356697
3436.5278320313	0.1190406904
3434.5993652344	0.1184379756
3432.6708984375	0.1181579903
3430.7424316406	0.1181349680
3428.8139648438	0.1181500703
3426.8854980469	0.1181751564
3424.9570312500	0.1180927232
3423.0285644531	0.1177795827
3421.1000976563	0.1174338982
3419.1716308594	0.1173565909
3417.2431640625	0.1175735816
3415.3146972656	0.1177273840
3413.3862304688	0.1175381914
3411.4577636719	0.1172001734
3409.5292968750	0.1169728935
3407.6008300781	0.1168446466
3405.6723632813	0.1168193370
3403.7438964844	0.1167771593
3401.8154296875	0.1161297485
3399.8869628906	0.1149501652
3397.9584960938	0.1144074127
3396.0300292969	0.1147970483
3394.1015625000	0.1149225682
3392.1730957031	0.1142044291
3390.2446289063	0.1136452928
3388.3161621094	0.1138228476
3386.3876953125	0.1140930280
3384.4592285156	0.1141468585
3382.5307617188	0.1141301617
3380.6022949219	0.1139812768
3378.6738281250	0.1138012558
3376.7453613281	0.1138183549
3374.8168945313	0.1140804589
3372.8884277344	0.1143455356
3370.9599609375	0.1138810217
3369.0314941406	0.1125363261
3367.1030273438	0.1114230976
3365.1745605469	0.1113310903
3363.2460937500	0.1119602695
3361.3176269531	0.1126097664
3359.3891601563	0.1128538325
3357.4606933594	0.1128909886
3355.5322265625	0.1131278202
3353.6037597656	0.1134871542
3351.6752929688	0.1135054156
3349.7468261719	0.1133478880
3347.8183593750	0.1137298495
3345.8898925781	0.1146250218
3343.9614257813	0.1153356582
3342.0329589844	0.1155462265
3340.1044921875	0.1153465062
3338.1760253906	0.1150437072
3336.2475585938	0.1153170243
3334.3190917969	0.1163170636
3332.3906250000	0.1173905507
3330.4621582031	0.1181370541
3328.5336914063	0.1185660362
3326.6052246094	0.1187530756
3324.6767578125	0.1190050468
3322.7482910156	0.1196588874
3320.8198242188	0.1204312071
3318.8913574219	0.1209756583
3316.9628906250	0.1215022132
3315.0344238281	0.1220897734
3313.1059570313	0.1226177067
3311.1774902344	0.1230802983
3309.2490234375	0.1232815161
3307.3205566406	0.1228533834
3305.3920898438	0.1221717000
3303.4636230469	0.1223033369
3301.5351562500	0.1233493090
3299.6066894531	0.1244356036
3297.6782226563	0.1252846420
3295.7497558594	0.1259894520
3293.8212890625	0.1261850595
3291.8928222656	0.1260080934
3289.9643554688	0.1262736320
3288.0358886719	0.1271423399
3286.1074218750	0.1280504018
3284.1789550781	0.1286717802
3282.2504882813	0.1291113049
3280.3220214844	0.1294763237
3278.3935546875	0.1298084110
3276.4650878906	0.1300265193
3274.5366210938	0.1300588548
3272.6081542969	0.1298709214
3270.6796875000	0.1294251233
3268.7512207031	0.1292299181
3266.8227539063	0.1294961572
3264.8942871094	0.1296121180
3262.9658203125	0.1293578297
3261.0373535156	0.1289846599
3259.1088867188	0.1285395920
3257.1804199219	0.1277093887
3255.2519531250	0.1264583766
3253.3234863281	0.1253373772
3251.3950195313	0.1246006265
3249.4665527344	0.1237503067
3247.5380859375	0.1221616715
3245.6096191406	0.1201123223
3243.6811523438	0.1183789447
3241.7526855469	0.1169233248
3239.8242187500	0.1153712124
3237.8957519531	0.1137630716
3235.9672851563	0.1117771044
3234.0388183594	0.1089759544
3232.1103515625	0.1062318608
3230.1818847656	0.1045535728
3228.2534179688	0.1033314988
3226.3249511719	0.1018709391
3224.3964843750	0.1004592031
3222.4680175781	0.0991431549
3220.5395507813	0.0977870598
3218.6110839844	0.0966860279
3216.6826171875	0.0959475040
3214.7541503906	0.0952716768
3212.8256835938	0.0945721418
3210.8972167969	0.0940112844
3208.9687500000	0.0936089531
3207.0402832031	0.0933131725
3205.1118164063	0.0930799097
3203.1833496094	0.0927857310
3201.2548828125	0.0922036469
3199.3264160156	0.0913476795
3197.3979492188	0.0907186046
3195.4694824219	0.0905397534
3193.5410156250	0.0903597921
3191.6125488281	0.0898429975
3189.6840820313	0.0891966894
3187.7556152344	0.0885497704
3185.8271484375	0.0877565742
3183.8986816406	0.0869336948
3181.9702148438	0.0862712786
3180.0417480469	0.0856503844
3178.1132812500	0.0848797336
3176.1848144531	0.0840087458
3174.2563476563	0.0832430646
3172.3278808594	0.0825071260
3170.3994140625	0.0814626068
3168.4709472656	0.0800740272
3166.5424804688	0.0787113085
3164.6140136719	0.0775899813
3162.6855468750	0.0765573159
3160.7570800781	0.0753856599
3158.8286132813	0.0740933940
3156.9001464844	0.0728657246
3154.9716796875	0.0713878721
3153.0432128906	0.0691622645
3151.1147460938	0.0667865798
3149.1862792969	0.0651725233
3147.2578125000	0.0640165806
3145.3293457031	0.0627373382
3143.4008789063	0.0612772703
3141.4724121094	0.0595340542
3139.5439453125	0.0576126091
3137.6154785156	0.0558387600
3135.6870117188	0.0541939847
3133.7585449219	0.0525479130
3131.8300781250	0.0510076061
3129.9016113281	0.0496617183
3127.9731445313	0.0484286733
3126.0446777344	0.0471390747
3124.1162109375	0.0456564724
3122.1877441406	0.0441114865
3120.2592773438	0.0427101068
3118.3308105469	0.0414550081
3116.4023437500	0.0402961038
3114.4738769531	0.0395631082
3112.5454101563	0.0396443307
3110.6169433594	0.0400122851
3108.6884765625	0.0399906561
3106.7600097656	0.0397778973
3104.8315429688	0.0398272611
3102.9030761719	0.0403298214
3100.9746093750	0.0412600860
3099.0461425781	0.0423785001
3097.1176757813	0.0434018932
3095.1892089844	0.0446459465
3093.2607421875	0.0465070009
3091.3322753906	0.0484641865
3089.4038085938	0.0499568544
3087.4753417969	0.0511075296
3085.5468750000	0.0524420477
3083.6184082031	0.0543504991
3081.6899414063	0.0563902929
3079.7614746094	0.0577783436
3077.8330078125	0.0587610081
3075.9045410156	0.0604022294
3073.9760742188	0.0627446622
3072.0476074219	0.0647617728
3070.1191406250	0.0657702684
3068.1906738281	0.0659558028
3066.2622070313	0.0664028004
3064.3337402344	0.0677814782
3062.4052734375	0.0693967119
3060.4768066406	0.0704246759
3058.5483398438	0.0708679408
3056.6198730469	0.0713918656
3054.6914062500	0.0723438412
3052.7629394531	0.0732742846
3050.8344726563	0.0738076270
3048.9060058594	0.0741691142
3046.9775390625	0.0747626126
3045.0490722656	0.0754621848
3043.1206054688	0.0758728981
3041.1921386719	0.0761428401
3039.2636718750	0.0766871572
3037.3352050781	0.0773678198
3035.4067382813	0.0777341425
3033.4782714844	0.0779423714
3031.5498046875	0.0783769414
3029.6213378906	0.0789935216
3027.6928710938	0.0796482936
3025.7644042969	0.0802161694
3023.8359375000	0.0806208998
3021.9074707031	0.0805833489
3019.9790039063	0.0793410093
3018.0505371094	0.0772829130
3016.1220703125	0.0765072331
3014.1936035156	0.0776268765
3012.2651367188	0.0791805461
3010.3366699219	0.0804844722
3008.4082031250	0.0816868767
3006.4797363281	0.0826392993
3004.5512695313	0.0832169428
3002.6228027344	0.0835602358
3000.6943359375	0.0837146118
2998.7658691406	0.0836493969
2996.8374023438	0.0836845785
2994.9089355469	0.0840217099
2992.9804687500	0.0842658132
2991.0520019531	0.0841893852
2989.1235351563	0.0842101574
2987.1950683594	0.0846702084
2985.2666015625	0.0853285566
2983.3381347656	0.0856483653
2981.4096679688	0.0853846818
2979.4812011719	0.0850519016
2977.5527343750	0.0852635428
2975.6242675781	0.0858063623
2973.6958007813	0.0861770213
2971.7673339844	0.0863090008
2969.8388671875	0.0863687098
2967.9104003906	0.0866271034
2965.9819335938	0.0871861801
2964.0534667969	0.0876938701
2962.1250000000	0.0878056213
2960.1965332031	0.0875210166
2958.2680664063	0.0873773322
2956.3395996094	0.0877898037
2954.4111328125	0.0882782862
2952.4826660156	0.0885458067
2950.5541992188	0.0887350813
2948.6257324219	0.0886925384
2946.6972656250	0.0884678587
2944.7687988281	0.0884115025
2942.8403320313	0.0886174142
2940.9118652344	0.0889055654
2938.9833984375	0.0890620798
2937.0549316406	0.0891669914
2935.1264648438	0.0894599706
2933.1979980469	0.0898537561
2931.2695312500	0.0899999663
2929.3410644531	0.0897701010
2927.4125976563	0.0896370709
2925.4841308594	0.0899889246
2923.5556640625	0.0904356316
2921.6271972656	0.0906295925
2919.6987304688	0.0906688794
2917.7702636719	0.0906363875
2915.8417968750	0.0904729217
2913.9133300781	0.0902737528
2911.9848632813	0.0903628245
2910.0563964844	0.0907209069
2908.1279296875	0.0909837857
2906.1994628906	0.0910727829
2904.2709960938	0.0912280604
2902.3425292969	0.0915052295
2900.4140625000	0.0917487517
2898.4855957031	0.0918185636
2896.5571289063	0.0916785374
2894.6286621094	0.0916039571
2892.7001953125	0.0918043628
2890.7717285156	0.0920952186
2888.8432617188	0.0922807902
2886.9147949219	0.0923103765
2884.9863281250	0.0923078805
2883.0578613281	0.0924916938
2881.1293945313	0.0927900895
2879.2009277344	0.0929794908
2877.2724609375	0.0930442065
2875.3439941406	0.0929179564
2873.4155273438	0.0926474407
2871.4870605469	0.0926416740
2869.5585937500	0.0929687098
2867.6301269531	0.0932385996
2865.7016601563	0.0933155119
2863.7731933594	0.0933688134
2861.8447265625	0.0934155732
2859.9162597656	0.0933667347
2857.9877929688	0.0933272913
2856.0593261719	0.0934297368
2854.1308593750	0.0936316848
2852.2023925781	0.0938544273
2850.2739257813	0.0940255821
2848.3454589844	0.0940985605
2846.4169921875	0.0941676199
2844.4885253906	0.0943114012
2842.5600585938	0.0944344476
2840.6315917969	0.0943737477
2838.7031250000	0.0942218676
2836.7746582031	0.0942667574
2834.8461914063	0.0944440067
2832.9177246094	0.0945533440
2830.9892578125	0.0946860835
2829.0607910156	0.0948770568
2827.1323242188	0.0949851945
2825.2038574219	0.0950250775
2823.2753906250	0.0950822011
2821.3469238281	0.0951331109
2819.4184570313	0.0951765552
2817.4899902344	0.0952409878
2815.5615234375	0.0953696743
2813.6330566406	0.0955681205
2811.7045898438	0.0957217887
2809.7761230469	0.0957625434
2807.8476562500	0.0958253518
2805.9191894531	0.0959941223
2803.9907226563	0.0961288586
2802.0622558594	0.0961803049
2800.1337890625	0.0961591154
2798.2053222656	0.0960762128
2796.2768554688	0.0960475355
2794.3483886719	0.0961117744
2792.4199218750	0.0962066427
2790.4914550781	0.0962306112
2788.5629882813	0.0962090269
2786.6345214844	0.0962644666
2784.7060546875	0.0963730440
2782.7775878906	0.0964520350
2780.8491210938	0.0965645686
2778.9206542969	0.0967666805
2776.9921875000	0.0968616977
2775.0637207031	0.0967807621
2773.1352539063	0.0967573375
2771.2067871094	0.0968489796
2769.2783203125	0.0968986154
2767.3498535156	0.0969434306
2765.4213867188	0.0970768407
2763.4929199219	0.0971622393
2761.5644531250	0.0971673205
2759.6359863281	0.0971947759
2757.7075195313	0.0973076746
2755.7790527344	0.0974952206
2753.8505859375	0.0976257846
2751.9221191406	0.0976187587
2749.9936523438	0.0975172594
2748.0651855469	0.0974408314
2746.1367187500	0.0974536017
2744.2082519531	0.0975373760
2742.2797851563	0.0976621658
2740.3513183594	0.0977840796
2738.4228515625	0.0978782475
2736.4943847656	0.0979914144
2734.5659179688	0.0981928706
2732.6374511719	0.0983738750
2730.7089843750	0.0984387323
2728.7805175781	0.0984060019
2726.8520507813	0.0983316228
2724.9235839844	0.0983355567
2722.9951171875	0.0983927920
2721.0666503906	0.0984493792
2719.1381835938	0.0985139161
2717.2097167969	0.0985585749
2715.2812500000	0.0986050218
2713.3527832031	0.0986961871
2711.4243164063	0.0987759903
2709.4958496094	0.0987897962
2707.5673828125	0.0988323390
2705.6389160156	0.0989243984
2703.7104492188	0.0989631787
2701.7819824219	0.0989555344
2699.8535156250	0.0990304798
2697.9250488281	0.0991724357
2695.9965820313	0.0992526561
2694.0681152344	0.0993103385
2692.1396484375	0.0993762612
2690.2111816406	0.0994335040
2688.2827148438	0.0994602293
2686.3542480469	0.0994313881
2684.4257812500	0.0994548500
2682.4973144531	0.0995813236
2680.5688476563	0.0997046009
2678.6403808594	0.0997647569
2676.7119140625	0.0998136401
2674.7834472656	0.0998478159
2672.8549804688	0.0998768136
2670.9265136719	0.0999601483
2668.9980468750	0.1000137702
2667.0695800781	0.0999991968
2665.1411132813	0.1000891775
2663.2126464844	0.1003165990
2661.2841796875	0.1004436761
2659.3557128906	0.1004425213
2657.4272460938	0.1004833430
2655.4987792969	0.1005692706
2653.5703125000	0.1006634310
2651.6418457031	0.1007787660
2649.7133789063	0.1008809209
2647.7849121094	0.1008570194
2645.8564453125	0.1007575095
2643.9279785156	0.1008018106
2641.9995117188	0.1009931341
2640.0710449219	0.1011444926
2638.1425781250	0.1011843979
2636.2141113281	0.1011841297
2634.2856445313	0.1012021750
2632.3571777344	0.1012562886
2630.4287109375	0.1012910679
2628.5002441406	0.1012415811
2626.5717773438	0.1012070999
2624.6433105469	0.1013090089
2622.7148437500	0.1014776081
2620.7863769531	0.1016177163
2618.8579101563	0.1017426550
2616.9294433594	0.1018228233
2615.0009765625	0.1018688977
2613.0725097656	0.1019294262
2611.1440429688	0.1019980758
2609.2155761719	0.1020698100
2607.2871093750	0.1021148637
2605.3586425781	0.1021664813
2603.4301757813	0.1022434831
2601.5017089844	0.1022613049
2599.5732421875	0.1022147834
2597.6447753906	0.1021850184
2595.7163085938	0.1022110581
2593.7878417969	0.1022875085
2591.8593750000	0.1024053693
2589.9309082031	0.1025229990
2588.0024414063	0.1025751829
2586.0739746094	0.1025697738
2584.1455078125	0.1026108786
2582.2170410156	0.1027012467
2580.2885742188	0.1027617529
2578.3601074219	0.1027896926
2576.4316406250	0.1028231233
2574.5031738281	0.1028922051
2572.5747070313	0.1029721946
2570.6462402344	0.1030472741
2568.7177734375	0.1030717567
2566.7893066406	0.1030453295
2564.8608398438	0.1030701175
2562.9323730469	0.1031222418
2561.0039062500	0.1031045467
2559.0754394531	0.1030398533
2557.1469726563	0.1030750349
2555.2185058594	0.1031977981
2553.2900390625	0.1032536551
2551.3615722656	0.1032335907
2549.4331054688	0.1032262966
2547.5046386719	0.1032095924
2545.5761718750	0.1031209230
2543.6477050781	0.1031286418
2541.7192382813	0.1032745019
2539.7907714844	0.1033213586
2537.8623046875	0.1031996757
2535.9338378906	0.1030814722
2534.0053710938	0.1030768082
2532.0769042969	0.1030995250
2530.1484375000	0.1031123251
2528.2199707031	0.1031097621
2526.2915039063	0.1030766517
2524.3630371094	0.1029597297
2522.4345703125	0.1027353182
2520.5061035156	0.1025914103
2518.5776367188	0.1026228890
2516.6491699219	0.1027026251
2514.7207031250	0.1026693732
2512.7922363281	0.1025369540
2510.8637695313	0.1023954749
2508.9353027344	0.1023027822
2507.0068359375	0.1022987813
2505.0783691406	0.1023171246
2503.1499023438	0.1023251936
2501.2214355469	0.1022858098
2499.2929687500	0.1022208184
2497.3645019531	0.1021750644
2495.4360351563	0.1021492258
2493.5075683594	0.1021279022
2491.5791015625	0.1020310745
2489.6506347656	0.1019669697
2487.7221679688	0.1020197421
2485.7937011719	0.1020974442
2483.8652343750	0.1020997390
2481.9367675781	0.1020036638
2480.0083007813	0.1018848419
2478.0798339844	0.1018215045
2476.1513671875	0.1018242612
2474.2229003906	0.1017890871
2472.2944335938	0.1017467156
2470.3659667969	0.1016934514
2468.4375000000	0.1015943959
2466.5090332031	0.1015565842
2464.5805664063	0.1015536413
2462.6520996094	0.1015465707
2460.7236328125	0.1015766338
2458.7951660156	0.1016612947
2456.8666992188	0.1016706750
2454.9382324219	0.1016452983
2453.0097656250	0.1017794684
2451.0812988281	0.1019697934
2449.1528320313	0.1020631939
2447.2243652344	0.1020302922
2445.2958984375	0.1019880176
2443.3674316406	0.1019654721
2441.4389648438	0.1019454002
2439.5104980469	0.1019909605
2437.5820312500	0.1020483300
2435.6535644531	0.1021214128
2433.7250976563	0.1022269726
2431.7966308594	0.1023458987
2429.8681640625	0.1024122164
2427.9396972656	0.1024487540
2426.0112304688	0.1025460735
2424.0827636719	0.1026473120
2422.1542968750	0.1027424335
2420.2258300781	0.1028603837
2418.2973632813	0.1030024514
2416.3688964844	0.1031040549
2414.4404296875	0.1031856835
2412.5119628906	0.1032881588
2410.5834960938	0.1033936366
2408.6550292969	0.1035651863
2406.7265625000	0.1037445664
2404.7980957031	0.1038644835
2402.8696289063	0.1039125323
2400.9411621094	0.1039221585
2399.0126953125	0.1039679423
2397.0842285156	0.1040866375
2395.1557617188	0.1042342186
2393.2272949219	0.1042783111
2391.2988281250	0.1042792350
2389.3703613281	0.1043546125
2387.4418945313	0.1045482010
2385.5134277344	0.1049102694
2383.5849609375	0.1055578440
2381.6564941406	0.1066069230
2379.7280273438	0.1080354601
2377.7995605469	0.1098477170
2375.8710937500	0.1120438278
2373.9426269531	0.1145874783
2372.0141601563	0.1169864461
2370.0856933594	0.1184738800
2368.1572265625	0.1192602292
2366.2287597656	0.1201913878
2364.3002929688	0.1213810593
2362.3718261719	0.1222220883
2360.4433593750	0.1223674566
2358.5148925781	0.1218005791
2356.5864257813	0.1205574274
2354.6579589844	0.1187287271
2352.7294921875	0.1163213030
2350.8010253906	0.1138328463
2348.8725585938	0.1127877682
2346.9440917969	0.1142326221
2345.0156250000	0.1167727709
2343.0871582031	0.1178631783
2341.1586914063	0.1173672006
2339.2302246094	0.1168909520
2337.3017578125	0.1166608781
2335.3732910156	0.1160324588
2333.4448242188	0.1154498830
2331.5163574219	0.1151381209
2329.5878906250	0.1144022644
2327.6594238281	0.1133560538
2325.7309570313	0.1124921218
2323.8024902344	0.1117418185
2321.8740234375	0.1109312549
2319.9455566406	0.1098448187
2318.0170898438	0.1085551754
2316.0886230469	0.1074162498
2314.1601562500	0.1064797789
2312.2316894531	0.1056187749
2310.3032226563	0.1047034338
2308.3747558594	0.1037855148
2306.4462890625	0.1029548049
2304.5178222656	0.1022237688
2302.5893554688	0.1016251445
2300.6608886719	0.1011587083
2298.7324218750	0.1008689702
2296.8039550781	0.1006304398
2294.8754882813	0.1003218740
2292.9470214844	0.0999738127
2291.0185546875	0.0996874273
2289.0900878906	0.0994587913
2287.1616210938	0.0992095843
2285.2331542969	0.0990704373
2283.3046875000	0.0990044400
2281.3762207031	0.0989602506
2279.4477539063	0.0989708155
2277.5192871094	0.0990335792
2275.5908203125	0.0990659595
2273.6623535156	0.0989591852
2271.7338867188	0.0988846719
2269.8054199219	0.0988854468
2267.8769531250	0.0990175679
2265.9484863281	0.0992367789
2264.0200195313	0.0995044038
2262.0915527344	0.0998395085
2260.1630859375	0.1001486629
2258.2346191406	0.1005725190
2256.3061523438	0.1011764854
2254.3776855469	0.1021689698
2252.4492187500	0.1036286429
2250.5207519531	0.1056017801
2248.5922851563	0.1082151979
2246.6638183594	0.1114723757
2244.7353515625	0.1154991910
2242.8068847656	0.1202049553
2240.8784179688	0.1257496178
2238.9499511719	0.1321028322
2237.0214843750	0.1392301619
2235.0930175781	0.1472978741
2233.1645507813	0.1563467085
2231.2360839844	0.1666501909
2229.3076171875	0.1781737804
2227.3791503906	0.1910194159
2225.4506835938	0.2051119208
2223.5222167969	0.2205630839
2221.5937500000	0.2376469672
2219.6652832031	0.2565083206
2217.7368164063	0.2778381109
2215.8083496094	0.3013612032
2213.8798828125	0.3269895613
2211.9514160156	0.3543607295
2210.0229492188	0.3835142553
2208.0944824219	0.4149221778
2206.1660156250	0.4486426115
2204.2375488281	0.4847962558
2202.3090820313	0.5224328637
2200.3806152344	0.5618081093
2198.4521484375	0.6025828123
2196.5236816406	0.6445434093
2194.5952148438	0.6872580051
2192.6667480469	0.7297947407
2190.7382812500	0.7729465365
2188.8098144531	0.8151128292
2186.8813476563	0.8564064503
2184.9528808594	0.8950802684
2183.0244140625	0.9306097031
2181.0959472656	0.9630681276
2179.1674804688	0.9913803339
2177.2390136719	1.0172690153
2175.3105468750	1.0383945704
2173.3820800781	1.0552816391
2171.4536132813	1.0619136095
2169.5251464844	1.0572935343
2167.5966796875	1.0448203087
2165.6682128906	1.0259363651
2163.7397460938	1.0047211647
2161.8112792969	0.9814549088
2159.8828125000	0.9574029446
2157.9543457031	0.9245300293
2156.0258789063	0.8777030110
2154.0974121094	0.8153494596
2152.1689453125	0.7365366817
2150.2404785156	0.6478440762
2148.3120117188	0.5535463691
2146.3835449219	0.4388441443
2144.4550781250	0.3315657377
2142.5266113281	0.3110671639
2140.5981445313	0.4026165009
2138.6696777344	0.5426188111
2136.7412109375	0.6508126855
2134.8127441406	0.7198312283
2132.8842773438	0.7591702342
2130.9558105469	0.7762716413
2129.0273437500	0.7879627943
2127.0988769531	0.8006688356
2125.1704101563	0.8169186711
2123.2419433594	0.8447572589
2121.3134765625	0.8802499175
2119.3850097656	0.9168550372
2117.4565429688	0.9428457618
2115.5280761719	0.9494104385
2113.5996093750	0.9334070086
2111.6711425781	0.8960093856
2109.7426757813	0.8486820459
2107.8142089844	0.7962687016
2105.8857421875	0.7522318959
2103.9572753906	0.7173088789
2102.0288085938	0.6888169646
2100.1003417969	0.6642874479
2098.1718750000	0.6374393702
2096.2434082031	0.6144149899
2094.3149414063	0.5973060727
2092.3864746094	0.5854322314
2090.4580078125	0.5727251768
2088.5295410156	0.5570135713
2086.6010742188	0.5377531052
2084.6726074219	0.5116134882
2082.7441406250	0.4826597869
2080.8156738281	0.4480397999
2078.8872070313	0.4115416110
2076.9587402344	0.3797423542
2075.0302734375	0.3569806814
2073.1018066406	0.3452964723
2071.1733398438	0.3427646160
2069.2448730469	0.3449302614
2067.3164062500	0.3420026004
2065.3879394531	0.3373211622
2063.4594726563	0.3306085169
2061.5310058594	0.3214461505
2059.6025390625	0.3150586188
2057.6740722656	0.3053539097
2055.7456054688	0.2925466597
2053.8171386719	0.2761796415
2051.8886718750	0.2606354356
2049.9602050781	0.2461583316
2048.0317382813	0.2283566147
2046.1032714844	0.2124949545
2044.1748046875	0.1953323334
2042.2463378906	0.1808576137
2040.3178710938	0.1752013117
2038.3894042969	0.1753511429
2036.4609375000	0.1745463163
2034.5324707031	0.1685738713
2032.6040039063	0.1635177284
2030.6755371094	0.1578872353
2028.7470703125	0.1521490663
2026.8186035156	0.1478378028
2024.8901367188	0.1425114423
2022.9616699219	0.1389271319
2021.0332031250	0.1347035170
2019.1047363281	0.1306101233
2017.1762695313	0.1274123341
2015.2478027344	0.1241378710
2013.3193359375	0.1221944317
2011.3908691406	0.1195664257
2009.4624023438	0.1171934083
2007.5339355469	0.1152724996
2005.6054687500	0.1133901849
2003.6770019531	0.1120175570
2001.7485351563	0.1106132790
1999.8200683594	0.1095844060
1997.8916015625	0.1086750031
1995.9631347656	0.1077523828
1994.0346679688	0.1063470244
1992.1062011719	0.1051071808
1990.1777343750	0.1048314050
1988.2492675781	0.1051239669
1986.3208007813	0.1053769588
1984.3923339844	0.1052658409
1982.4638671875	0.1052350402
1980.5354003906	0.1050127521
1978.6069335938	0.1048463359
1976.6784667969	0.1046948731
1974.7500000000	0.1045295298
1972.8215332031	0.1044818461
1970.8930664063	0.1040369049
1968.9645996094	0.1033068150
1967.0361328125	0.1026864648
1965.1076660156	0.1029745564
1963.1791992188	0.1035718620
1961.2507324219	0.1038110927
1959.3222656250	0.1039082557
1957.3937988281	0.1038055047
1955.4653320313	0.1037704647
1953.5368652344	0.1037080064
1951.6083984375	0.1037627086
1949.6799316406	0.1036881953
1947.7514648438	0.1033150479
1945.8229980469	0.1024919525
1943.8945312500	0.1011287495
1941.9660644531	0.1007415131
1940.0375976563	0.1018443555
1938.1091308594	0.1031418294
1936.1806640625	0.1036195755
1934.2521972656	0.1036260128
1932.3237304688	0.1035807282
1930.3952636719	0.1034709364
1928.4667968750	0.1034618318
1926.5383300781	0.1030438617
1924.6098632813	0.1019440889
1922.6813964844	0.1008667573
1920.7529296875	0.1000535637
1918.8244628906	0.0990153998
1916.8959960938	0.0991433635
1914.9675292969	0.1010116339
1913.0390625000	0.1021349505
1911.1105957031	0.1018631384
1909.1821289063	0.1014987305
1907.2536621094	0.1018272638
1905.3251953125	0.1023991182
1903.3967285156	0.1026315391
1901.4682617188	0.1027349606
1899.5397949219	0.1026116684
1897.6113281250	0.1020554081
1895.6828613281	0.1013374850
1893.7543945313	0.1009802744
1891.8259277344	0.1002659500
1889.8974609375	0.0992283449
1887.9689941406	0.0996565372
1886.0405273438	0.1010255143
1884.1120605469	0.1017968059
1882.1835937500	0.1019973829
1880.2551269531	0.1020859852
1878.3266601563	0.1021309420
1876.3981933594	0.1021059975
1874.4697265625	0.1018867046
1872.5412597656	0.1002893373
1870.6127929688	0.0966674238
1868.6843261719	0.0940023363
1866.7558593750	0.0955654308
1864.8273925781	0.0989951044
1862.8989257813	0.1009030044
1860.9704589844	0.1013548747
1859.0419921875	0.1013941914
1857.1135253906	0.1014985070
1855.1850585938	0.1015823856
1853.2565917969	0.1015702263
1851.3281250000	0.1013000533
1849.3996582031	0.1002482995
1847.4711914063	0.0972471684
1845.5427246094	0.0923796967
1843.6142578125	0.0908317715
1841.6857910156	0.0951148719
1839.7573242188	0.0993677601
1837.8288574219	0.1004887894
1835.9003906250	0.1005557403
1833.9719238281	0.1000519618
1832.0434570313	0.0973038077
1830.1149902344	0.0940595642
1828.1865234375	0.0936922878
1826.2580566406	0.0948688462
1824.3295898438	0.0964242071
1822.4011230469	0.0990553200
1820.4726562500	0.1009996459
1818.5441894531	0.1013054848
1816.6157226563	0.1012830213
1814.6872558594	0.1011219546
1812.7587890625	0.0999447182
1810.8303222656	0.0987271443
1808.9018554688	0.0992203429
1806.9733886719	0.1005665436
1805.0449218750	0.1006068438
1803.1164550781	0.0986109450
1801.1879882813	0.0963535532
1799.2595214844	0.0962947831
1797.3310546875	0.0974868983
1795.4025878906	0.0961668715
1793.4741210938	0.0919102952
1791.5456542969	0.0906873196
1789.6171875000	0.0952096805
1787.6887207031	0.0993192121
1785.7602539063	0.0997611061
1783.8317871094	0.0991088822
1781.9033203125	0.0988311693
1779.9748535156	0.0989719778
1778.0463867188	0.0994021297
1776.1179199219	0.0975429192
1774.1894531250	0.0916549414
1772.2609863281	0.0864752159
1770.3325195313	0.0876310989
1768.4040527344	0.0925118402
1766.4755859375	0.0970291570
1764.5471191406	0.0984704942
1762.6186523438	0.0964704603
1760.6901855469	0.0955752134
1758.7617187500	0.0966452360
1756.8332519531	0.0973688513
1754.9047851563	0.0975561813
1752.9763183594	0.0948400199
1751.0478515625	0.0898152664
1749.1193847656	0.0885725021
1747.1909179688	0.0918658972
1745.2624511719	0.0950134099
1743.3339843750	0.0953580737
1741.4055175781	0.0933210701
1739.4770507813	0.0921742246
1737.5485839844	0.0910244435
1735.6201171875	0.0845044553
1733.6916503906	0.0793495253
1731.7631835938	0.0855189636
1729.8347167969	0.0947127417
1727.9062500000	0.1001430601
1725.9777832031	0.1022605523
1724.0493164063	0.1020827740
1722.1208496094	0.0997267440
1720.1923828125	0.0924534500
1718.2639160156	0.0820955113
1716.3354492188	0.0793023258
1714.4069824219	0.0866809785
1712.4785156250	0.0951957330
1710.5500488281	0.0992123112
1708.6215820313	0.0976798534
1706.6931152344	0.0930841640
1704.7646484375	0.0892349258
1702.8361816406	0.0827891231
1700.9077148438	0.0723208785
1698.9792480469	0.0689398572
1697.0507812500	0.0740930215
1695.1223144531	0.0821018964
1693.1938476563	0.0920124575
1691.2653808594	0.0976022631
1689.3369140625	0.0968787447
1687.4084472656	0.0908188522
1685.4799804688	0.0794721618
1683.5515136719	0.0747204870
1681.6230468750	0.0839654505
1679.6945800781	0.0934118927
1677.7661132813	0.0939322561
1675.8376464844	0.0891974792
1673.9091796875	0.0873679668
1671.9807128906	0.0870916247
1670.0522460938	0.0854048058
1668.1237792969	0.0884680524
1666.1953125000	0.0945317447
1664.2668457031	0.0953998566
1662.3383789063	0.0943230763
1660.4099121094	0.0971119702
1658.4814453125	0.0990487188
1656.5529785156	0.0918523595
1654.6245117188	0.0741769746
1652.6960449219	0.0641620830
1650.7675781250	0.0739674792
1648.8391113281	0.0808871388
1646.9106445313	0.0800844505
1644.9821777344	0.0851769224
1643.0537109375	0.0946965814
1641.1252441406	0.0987796560
1639.1967773438	0.0948653966
1637.2683105469	0.0849564075
1635.3398437500	0.0797657594
1633.4113769531	0.0875969231
1631.4829101563	0.0966910347
1629.5544433594	0.0982316062
1627.6259765625	0.0959753916
1625.6975097656	0.0934802890
1623.7690429688	0.0916484222
1621.8405761719	0.0931956992
1619.9121093750	0.0943037495
1617.9836425781	0.0898383856
1616.0551757813	0.0875240788
1614.1267089844	0.0934087783
1612.1982421875	0.0989482254
1610.2697753906	0.0998806208
1608.3413085938	0.0995003879
1606.4128417969	0.0998171344
1604.4843750000	0.1001159474
1602.5559082031	0.1001510844
1600.6274414063	0.1004440933
1598.6989746094	0.1006965637
1596.7705078125	0.1003429517
1594.8420410156	0.0998514071
1592.9135742188	0.0998438075
1590.9851074219	0.1001263484
1589.0566406250	0.1003517210
1587.1281738281	0.1004670858
1585.1997070313	0.1004640609
1583.2712402344	0.1003297791
1581.3427734375	0.0995803475
1579.4143066406	0.0957389846
1577.4858398438	0.0881533548
1575.5573730469	0.0849635601
1573.6289062500	0.0892090201
1571.7004394531	0.0900779068
1569.7719726563	0.0868320465
1567.8435058594	0.0878907964
1565.9150390625	0.0914831236
1563.9865722656	0.0911706164
1562.0581054688	0.0816594809
1560.1296386719	0.0623517409
1558.2011718750	0.0533400811
1556.2727050781	0.0653159544
1554.3442382813	0.0786374956
1552.4157714844	0.0858016238
1550.4873046875	0.0891558379
1548.5588378906	0.0900788307
1546.6303710938	0.0869429037
1544.7019042969	0.0778448582
1542.7734375000	0.0649253875
1540.8449707031	0.0554708876
1538.9165039063	0.0610980392
1536.9880371094	0.0748712346
1535.0595703125	0.0803576857
1533.1311035156	0.0804739147
1531.2026367188	0.0837349519
1529.2741699219	0.0856908411
1527.3457031250	0.0823740140
1525.4172363281	0.0771922767
1523.4887695313	0.0707862824
1521.5603027344	0.0655482635
1519.6318359375	0.0671114102
1517.7033691406	0.0723802596
1515.7749023438	0.0778574347
1513.8464355469	0.0826083943
1511.9179687500	0.0829811022
1509.9895019531	0.0758972764
1508.0610351563	0.0633019656
1506.1325683594	0.0597951002
1504.2041015625	0.0731194392
1502.2756347656	0.0850057527
1500.3471679688	0.0856679827
1498.4187011719	0.0805076584
1496.4902343750	0.0790187940
1494.5617675781	0.0831327364
1492.6333007813	0.0844316036
1490.7048339844	0.0800583363
1488.7763671875	0.0779724717
1486.8479003906	0.0825258121
1484.9194335938	0.0884451047
1482.9909667969	0.0912141949
1481.0625000000	0.0912854820
1479.1340332031	0.0895494223
1477.2055664063	0.0848097801
1475.2770996094	0.0771873221
1473.3486328125	0.0713967159
1471.4201660156	0.0747618154
1469.4916992188	0.0838278159
1467.5632324219	0.0874249190
1465.6347656250	0.0850035846
1463.7062988281	0.0845924169
1461.7778320313	0.0854263976
1459.8493652344	0.0788443461
1457.9208984375	0.0671083257
1455.9924316406	0.0665175766
1454.0639648438	0.0779787600
1452.1354980469	0.0865032747
1450.2070312500	0.0878356844
1448.2785644531	0.0866180286
1446.3500976563	0.0876067355
1444.4216308594	0.0902257934
1442.4931640625	0.0915041193
1440.5646972656	0.0896120891
1438.6362304688	0.0831028894
1436.7077636719	0.0772437975
1434.7792968750	0.0800048038
1432.8508300781	0.0853769630
1430.9223632813	0.0865194201
1428.9938964844	0.0867028758
1427.0654296875	0.0877730772
1425.1369628906	0.0874149129
1423.2084960938	0.0851897970
1421.2800292969	0.0803574398
1419.3515625000	0.0754218474
1417.4230957031	0.0776486099
1415.4946289063	0.0844882876
1413.5661621094	0.0885072127
1411.6376953125	0.0894062147
1409.7092285156	0.0894535705
1407.7807617188	0.0886385217
1405.8522949219	0.0869781077
1403.9238281250	0.0865039378
1401.9953613281	0.0863762349
1400.0668945313	0.0840933323
1398.1384277344	0.0812683627
1396.2099609375	0.0798512772
1394.2814941406	0.0808855817
1392.3530273438	0.0845293328
1390.4245605469	0.0864982828
1388.4960937500	0.0848440826
1386.5676269531	0.0841683894
1384.6391601563	0.0865878537
1382.7106933594	0.0886826664
1380.7822265625	0.0889063329
1378.8537597656	0.0881702900
1376.9252929688	0.0865044072
1374.9968261719	0.0844940171
1373.0683593750	0.0845688358
1371.1398925781	0.0865201503
1369.2114257813	0.0877292603
1367.2829589844	0.0877570435
1365.3544921875	0.0864004195
1363.4260253906	0.0840076357
1361.4975585938	0.0836617574
1359.5690917969	0.0859860852
1357.6406250000	0.0878928006
1355.7121582031	0.0881852657
1353.7836914063	0.0880880356
1351.8552246094	0.0882157087
1349.9267578125	0.0883128718
1347.9982910156	0.0883826241
1346.0698242188	0.0885469764
1344.1413574219	0.0882419646
1342.2128906250	0.0867005140
1340.2844238281	0.0847836584
1338.3559570313	0.0845324099
1336.4274902344	0.0861998498
1334.4990234375	0.0879681632
1332.5705566406	0.0887975767
1330.6420898438	0.0890921503
1328.7136230469	0.0891888589
1326.7851562500	0.0892128050
1324.8566894531	0.0892945603
1322.9282226563	0.0892124549
1320.9997558594	0.0887660086
1319.0712890625	0.0883710384
1317.1428222656	0.0885834470
1315.2143554688	0.0891688988
1313.2858886719	0.0896593779
1311.3574218750	0.0901480541
1309.4289550781	0.0904070362
1307.5004882813	0.0898804665
1305.5720214844	0.0891612098
1303.6435546875	0.0893573612
1301.7150878906	0.0903491601
1299.7866210938	0.0912879109
1297.8581542969	0.0918397978
1295.9296875000	0.0921977237
1294.0012207031	0.0925571248
1292.0727539063	0.0928550288
1290.1442871094	0.0929470435
1288.2158203125	0.0930083543
1286.2873535156	0.0933054090
1284.3588867188	0.0937017649
1282.4304199219	0.0940774307
1280.5019531250	0.0945252553
1278.5734863281	0.0949312001
1276.6450195313	0.0951622427
1274.7165527344	0.0952992365
1272.7880859375	0.0954690576
1270.8596191406	0.0957714841
1268.9311523438	0.0962376520
1267.0026855469	0.0967891738
1265.0742187500	0.0972640440
1263.1457519531	0.0975099429
1261.2172851563	0.0975838229
1259.2888183594	0.0977683365
1257.3603515625	0.0981429219
1255.4318847656	0.0984851345
1253.5034179688	0.0987419635
1251.5749511719	0.0989762172
1249.6464843750	0.0991185382
1247.7180175781	0.0991851240
1245.7895507813	0.0992966965
1243.8610839844	0.0994972661
1241.9326171875	0.0997359231
1240.0041503906	0.0999110565
1238.0756835938	0.0999741778
1236.1472167969	0.1000078097
1234.2187500000	0.1000979841
1232.2902832031	0.1002069637
1230.3618164063	0.1002373844
1228.4333496094	0.1001581624
1226.5048828125	0.1000692695
1224.5764160156	0.1000631303
1222.6479492188	0.1000862494
1220.7194824219	0.1000345871
1218.7910156250	0.0998652801
1216.8625488281	0.0996112376
1214.9340820313	0.0993746072
1213.0056152344	0.0992394388
1211.0771484375	0.0991660506
1209.1486816406	0.0990127921
1207.2202148438	0.0987737477
1205.2917480469	0.0986850634
1203.3632812500	0.0987399891
1201.4348144531	0.0986721739
1199.5063476563	0.0984723717
1197.5778808594	0.0982419699
1195.6494140625	0.0980624259
1193.7209472656	0.0980065241
1191.7924804688	0.0979398638
1189.8640136719	0.0977279618
1187.9355468750	0.0975057930
1186.0070800781	0.0973862782
1184.0786132813	0.0972854421
1182.1501464844	0.0971645117
1180.2216796875	0.0969849527
1178.2932128906	0.0966986641
1176.3647460938	0.0963667482
1174.4362792969	0.0960546732
1172.5078125000	0.0957463682
1170.5793457031	0.0954035968
1168.6508789063	0.0950957388
1166.7224121094	0.0948435366
1164.7939453125	0.0945878774
1162.8654785156	0.0943448246
1160.9370117188	0.0941469744
1159.0085449219	0.0939959511
1157.0800781250	0.0938776955
1155.1516113281	0.0937549248
1153.2231445313	0.0935079381
1151.2946777344	0.0931233689
1149.3662109375	0.0927679315
1147.4377441406	0.0925453082
1145.5092773438	0.0924627632
1143.5808105469	0.0924467519
1141.6523437500	0.0923373401
1139.7238769531	0.0920208171
1137.7954101563	0.0916527733
1135.8669433594	0.0914132074
1133.9384765625	0.0911661685
1132.0100097656	0.0907924697
1130.0815429688	0.0904223993
1128.1530761719	0.0902317092
1126.2246093750	0.0902205780
1124.2961425781	0.0901858062
1122.3676757813	0.0899750963
1120.4392089844	0.0897293240
1118.5107421875	0.0895849541
1116.5822753906	0.0894498825
1114.6538085938	0.0892790183
1112.7253417969	0.0890880376
1110.7968750000	0.0889067128
1108.8684082031	0.0888051391
1106.9399414063	0.0888178051
1105.0114746094	0.0887917727
1103.0830078125	0.0885430425
1101.1545410156	0.0882482752
1099.2260742188	0.0881095901
1097.2976074219	0.0880668908
1095.3691406250	0.0880346075
1093.4406738281	0.0879748911
1091.5122070313	0.0878427848
1089.5837402344	0.0876649842
1087.6552734375	0.0875399113
1085.7268066406	0.0874706656
1083.7983398438	0.0874652863
1081.8698730469	0.0874422640
1079.9414062500	0.0872846916
1078.0129394531	0.0871022195
1076.0844726563	0.0869274735
1074.1560058594	0.0866751000
1072.2275390625	0.0863390267
1070.2990722656	0.0859593004
1068.3706054688	0.0855759531
1066.4421386719	0.0852668807
1064.5136718750	0.0851519704
1062.5852050781	0.0851374641
1060.6567382813	0.0849973038
1058.7282714844	0.0847235247
1056.7998046875	0.0843933374
1054.8713378906	0.0840518996
1052.9428710938	0.0837682337
1051.0144042969	0.0835328177
1049.0859375000	0.0833338127
1047.1574707031	0.0831233338
1045.2290039063	0.0828853548
1043.3005371094	0.0827700496
1041.3720703125	0.0827300847
1039.4436035156	0.0825929865
1037.5151367188	0.0823336840
1035.5866699219	0.0820782781
1033.6582031250	0.0818068385
1031.7297363281	0.0812625214
1029.8012695313	0.0805715322
1027.8728027344	0.0800475106
1025.9443359375	0.0796552002
1024.0158691406	0.0792085305
1022.0874023438	0.0787175745
1020.1589355469	0.0783881918
1018.2304687500	0.0781800300
1016.3020019531	0.0778952539
1014.3735351563	0.0775333792
1012.4450683594	0.0771330670
1010.5166015625	0.0766872764
1008.5881347656	0.0762391537
1006.6596679688	0.0758376569
1004.7312011719	0.0755387247
1002.8027343750	0.0753953606
1000.8742675781	0.0753049031
998.9458007813	0.0750336275
997.0173339844	0.0744433478
995.0888671875	0.0736648366
993.1604003906	0.0729577914
991.2319335938	0.0724385902
989.3034667969	0.0720895678
987.3750000000	0.0720254555
985.4465332031	0.0722225234
983.5180664063	0.0721220598
981.5895996094	0.0717768371
979.6611328125	0.0716617256
977.7326660156	0.0715961233
975.8041992188	0.0713780448
973.8757324219	0.0712029263
971.9472656250	0.0711408928
970.0187988281	0.0711042434
968.0903320313	0.0711640120
966.1618652344	0.0713294744
964.2333984375	0.0711709931
962.3049316406	0.0705122426
960.3764648438	0.0699458867
958.4479980469	0.0697968751
956.5195312500	0.0696314424
954.5910644531	0.0692839846
952.6625976563	0.0691395327
950.7341308594	0.0691670924
948.8056640625	0.0689162612
946.8771972656	0.0685863346
944.9487304688	0.0684933141
943.0202636719	0.0684064552
941.0917968750	0.0683356449
939.1633300781	0.0680888593
937.2348632813	0.0675583482
935.3063964844	0.0678470433
933.3779296875	0.0688950196
931.4494628906	0.0688875541
929.5209960938	0.0681661665
927.5925292969	0.0681362227
925.6640625000	0.0680665970
923.7355957031	0.0674227923
921.8071289063	0.0674881861
919.8786621094	0.0691619441
917.9501953125	0.0695324466
916.0217285156	0.0670834631
914.0932617188	0.0645633116
912.1647949219	0.0629930794
910.2363281250	0.0620373152
908.3078613281	0.0607798137
906.3793945313	0.0564678870
904.4509277344	0.0501171388
902.5224609375	0.0477174856
900.5939941406	0.0492086038
898.6655273438	0.0473603532
896.7370605469	0.0420090146
894.8085937500	0.0381428152
892.8801269531	0.0354517810
890.9516601563	0.0316301025
889.0231933594	0.0268726442
887.0947265625	0.0215924066
885.1662597656	0.0162687041
883.2377929688	0.0124099869
881.3093261719	0.0088218339
879.3808593750	0.0018837635
877.4523925781	-0.0084059248
875.5239257813	-0.0163573734
873.5954589844	-0.0196985528
871.6669921875	-0.0232971422
869.7385253906	-0.0300201774
867.8100585938	-0.0375961326
865.8815917969	-0.0435253009
863.9531250000	-0.0478936099
862.0246582031	-0.0460041128
860.0961914063	-0.0458308905
858.1677246094	-0.0474337339
856.2392578125	-0.0496244319
854.3107910156	-0.0509837829
852.3823242188	-0.0474395342
850.4538574219	-0.0405495502
848.5253906250	-0.0374457985
846.5969238281	-0.0384076908
844.6684570313	-0.0375634246
842.7399902344	-0.0326714702
840.8115234375	-0.0274223499
838.8830566406	-0.0258000828
836.9545898438	-0.0274851434
835.0261230469	-0.0296571366
833.0976562500	-0.0280281659
831.1691894531	-0.0201787986
829.2407226563	-0.0129727526
827.3122558594	-0.0117149763
825.3837890625	-0.0119592194
823.4553222656	-0.0105387000
821.5268554688	-0.0079130847
819.5983886719	-0.0056612701
817.6699218750	-0.0055485773
815.7414550781	-0.0078512616
813.8129882813	-0.0098119136
811.8845214844	-0.0100770080
809.9560546875	-0.0119106127
808.0275878906	-0.0144718355
806.0991210938	-0.0138720712
804.1706542969	-0.0108649563
802.2421875000	-0.0085337684
800.3137207031	-0.0082229273
798.3852539063	-0.0074148481
796.4567871094	-0.0064312480
794.5283203125	-0.0073481705
792.5998535156	-0.0087958900
790.6713867188	-0.0086056963
788.7429199219	-0.0077353213
786.8144531250	-0.0075396257
784.8859863281	-0.0085604200
782.9575195313	-0.0097910101
781.0290527344	-0.0112183616
779.1005859375	-0.0129277799
777.1721191406	-0.0115223275
775.2436523438	-0.0069216960
773.3151855469	-0.0026871238
771.3867187500	-0.0012312018
769.4582519531	-0.0042340150
767.5297851563	-0.0092299031
765.6013183594	-0.0119948760
763.6728515625	-0.0137369623
761.7443847656	-0.0150606204
759.8159179688	-0.0130746458
757.8874511719	-0.0102214031
755.9589843750	-0.0092679644
754.0305175781	-0.0086782211
752.1020507813	-0.0084300451
750.1735839844	-0.0089308200
748.2451171875	-0.0094346674
746.3166503906	-0.0089721531
744.3881835938	-0.0072200280
742.4597167969	-0.0068762945
740.5312500000	-0.0098738130
738.6027832031	-0.0123120891
736.6743164063	-0.0136872986
734.7458496094	-0.0160624608
732.8173828125	-0.0150894234
730.8889160156	-0.0107230972
728.9604492188	-0.0084547717
727.0319824219	-0.0097216582
725.1035156250	-0.0128414836
723.1750488281	-0.0151983192
721.2465820313	-0.0165133011
719.3181152344	-0.0172713101
717.3896484375	-0.0148151647
715.4611816406	-0.0084641660
713.5327148438	-0.0030285323
711.6042480469	-0.0018248489
709.6757812500	-0.0043290588
707.7473144531	-0.0091495123
705.8188476563	-0.0128896357
703.8903808594	-0.0143182287
701.9619140625	-0.0145311709
700.0334472656	-0.0115174381
698.1049804688	-0.0066612973
696.1765136719	-0.0059373858
694.2480468750	-0.0093987472
692.3195800781	-0.0134651596
690.3911132813	-0.0191999916
688.4626464844	-0.0253260639
686.5341796875	-0.0251443889
684.6057128906	-0.0200835038
682.6772460938	-0.0159113128
680.7487792969	-0.0116581796
678.8203125000	-0.0092599588
676.8918457031	-0.0111596826
674.9633789063	-0.0125410566
673.0349121094	-0.0129700908
671.1064453125	-0.0144957220
669.1779785156	-0.0137345530
667.2495117188	-0.0102435499
665.3210449219	-0.0085148839
663.3925781250	-0.0093577588
661.4641113281	-0.0094691645
659.5356445313	-0.0080491537
657.6071777344	-0.0057682637
655.6787109375	-0.0039159758
653.7502441406	-0.0058082636
651.8217773438	-0.0111093223
649.8933105469	-0.0159551315
647.9648437500	-0.0169761721
646.0363769531	-0.0133709898
644.1079101563	-0.0101521695
642.1794433594	-0.0100745801
640.2509765625	-0.0107461298
638.3225097656	-0.0121769970
636.3940429688	-0.0113747846
634.4655761719	-0.0038296678
632.5371093750	0.0047744107
630.6086425781	0.0033594200
628.6801757813	-0.0077822087
626.7517089844	-0.0164777637
624.8232421875	-0.0198385473
622.8947753906	-0.0234942045
620.9663085938	-0.0242311247
619.0378417969	-0.0178132355
617.1093750000	-0.0112061528
615.1809082031	-0.0117184548
613.2524414063	-0.0150812725
611.3239746094	-0.0154951662
609.3955078125	-0.0145859392
607.4670410156	-0.0151852695
605.5385742188	-0.0168142840
603.6101074219	-0.0169612858
601.6816406250	-0.0140974112
599.7531738281	-0.0112180598
