5998.50 0.03 
5996.57 0.02 
5994.64 -0.00 
5992.71 -0.04 
5990.78 -0.01 
5988.85 0.05 
5986.93 -0.04 
5985.00 -0.01 
5983.07 0.02 
5981.14 0.04 
5979.21 -0.02 
5977.28 -0.07 
5975.35 0.03 
5973.43 0.04 
5971.50 -0.00 
5969.57 -0.04 
5967.64 -0.02 
5965.71 -0.00 
5963.78 0.01 
5961.86 -0.02 
5959.93 0.01 
5958.00 -0.01 
5956.07 0.00 
5954.14 -0.03 
5952.21 0.01 
5950.28 0.03 
5948.36 0.02 
5946.43 -0.00 
5944.50 0.03 
5942.57 -0.05 
5940.64 -0.03 
5938.71 -0.02 
5936.79 -0.02 
5934.86 0.04 
5932.93 -0.05 
5931.00 0.03 
5929.07 0.01 
5927.14 0.04 
5925.21 0.01 
5923.29 -0.01 
5921.36 -0.05 
5919.43 0.10 
5917.50 0.00 
5915.57 0.02 
5913.64 -0.03 
5911.71 0.04 
5909.79 -0.02 
5907.86 0.01 
5905.93 0.02 
5904.00 0.04 
5902.07 -0.01 
5900.14 0.07 
5898.22 -0.05 
5896.29 0.01 
5894.36 0.02 
5892.43 0.04 
5890.50 -0.04 
5888.57 -0.02 
5886.64 0.01 
5884.72 0.01 
5882.79 -0.06 
5880.86 0.01 
5878.93 -0.01 
5877.00 0.03 
5875.07 -0.02 
5873.15 -0.02 
5871.22 0.01 
5869.29 -0.09 
5867.36 -0.04 
5865.43 -0.02 
5863.50 -0.03 
5861.57 -0.01 
5859.65 0.04 
5857.72 -0.06 
5855.79 0.08 
5853.86 -0.04 
5851.93 -0.02 
5850.00 0.04 
5848.08 -0.06 
5846.15 0.03 
5844.22 -0.05 
5842.29 0.02 
5840.36 -0.01 
5838.43 -0.01 
5836.50 -0.00 
5834.58 -0.08 
5832.65 0.01 
5830.72 0.02 
5828.79 0.04 
5826.86 -0.02 
5824.93 -0.02 
5823.01 0.02 
5821.08 0.02 
5819.15 -0.05 
5817.22 0.00 
5815.29 0.01 
5813.36 -0.02 
5811.43 0.05 
5809.51 0.00 
5807.58 0.03 
5805.65 0.02 
5803.72 0.06 
5801.79 0.01 
5799.86 0.02 
5797.94 -0.04 
5796.01 0.02 
5794.08 0.01 
5792.15 -0.05 
5790.22 0.03 
5788.29 -0.04 
5786.36 0.01 
5784.44 -0.08 
5782.51 0.01 
5780.58 -0.01 
5778.65 -0.04 
5776.72 0.00 
5774.79 -0.04 
5772.87 0.00 
5770.94 -0.02 
5769.01 -0.04 
5767.08 0.03 
5765.15 -0.02 
5763.22 0.04 
5761.29 -0.01 
5759.37 -0.03 
5757.44 0.02 
5755.51 -0.00 
5753.58 0.02 
5751.65 -0.01 
5749.72 -0.03 
5747.80 -0.05 
5745.87 0.03 
5743.94 0.04 
5742.01 0.00 
5740.08 0.02 
5738.15 0.04 
5736.22 -0.02 
5734.30 0.04 
5732.37 0.04 
5730.44 0.03 
5728.51 0.05 
5726.58 -0.02 
5724.65 -0.04 
5722.73 -0.03 
5720.80 0.01 
5718.87 0.03 
5716.94 0.01 
5715.01 0.06 
5713.08 -0.01 
5711.15 -0.02 
5709.23 -0.02 
5707.30 0.04 
5705.37 0.05 
5703.44 -0.03 
5701.51 0.01 
5699.58 0.03 
5697.66 -0.00 
5695.73 -0.04 
5693.80 -0.04 
5691.87 -0.03 
5689.94 -0.00 
5688.01 -0.00 
5686.08 0.01 
5684.16 -0.01 
5682.23 -0.01 
5680.30 0.00 
5678.37 -0.02 
5676.44 0.04 
5674.51 0.03 
5672.59 0.01 
5670.66 -0.00 
5668.73 0.01 
5666.80 -0.01 
5664.87 0.02 
5662.94 -0.04 
5661.01 0.00 
5659.09 -0.03 
5657.16 0.01 
5655.23 -0.01 
5653.30 0.07 
5651.37 0.04 
5649.44 0.02 
5647.52 0.02 
5645.59 0.04 
5643.66 -0.02 
5641.73 -0.01 
5639.80 0.03 
5637.87 -0.02 
5635.94 -0.02 
5634.02 -0.01 
5632.09 0.02 
5630.16 -0.02 
5628.23 0.02 
5626.30 -0.00 
5624.37 -0.03 
5622.44 -0.05 
5620.52 -0.01 
5618.59 -0.04 
5616.66 0.02 
5614.73 -0.02 
5612.80 -0.03 
5610.87 0.04 
5608.95 0.04 
5607.02 -0.05 
5605.09 0.01 
5603.16 -0.01 
5601.23 0.02 
5599.30 -0.01 
5597.37 -0.00 
5595.45 0.03 
5593.52 0.02 
5591.59 -0.02 
5589.66 -0.01 
5587.73 -0.01 
5585.80 -0.03 
5583.88 0.00 
5581.95 -0.01 
5580.02 0.01 
5578.09 -0.07 
5576.16 -0.03 
5574.23 -0.05 
5572.30 0.00 
5570.38 0.02 
5568.45 0.04 
5566.52 -0.04 
5564.59 0.04 
5562.66 -0.02 
5560.73 -0.02 
5558.81 0.03 
5556.88 -0.03 
5554.95 -0.01 
5553.02 -0.03 
5551.09 0.02 
5549.16 -0.02 
5547.23 -0.01 
5545.31 0.06 
5543.38 -0.01 
5541.45 -0.04 
5539.52 -0.05 
5537.59 -0.02 
5535.66 0.05 
5533.74 0.02 
5531.81 -0.01 
5529.88 0.01 
5527.95 -0.02 
5526.02 0.02 
5524.09 0.01 
5522.16 -0.04 
5520.24 -0.04 
5518.31 -0.01 
5516.38 0.00 
5514.45 0.01 
5512.52 0.00 
5510.59 0.01 
5508.67 0.02 
5506.74 -0.03 
5504.81 0.04 
5502.88 -0.03 
5500.95 -0.06 
5499.02 -0.02 
5497.09 -0.01 
5495.17 -0.01 
5493.24 -0.01 
5491.31 0.02 
5489.38 0.07 
5487.45 -0.00 
5485.52 -0.01 
5483.60 0.03 
5481.67 0.05 
5479.74 -0.02 
5477.81 0.01 
5475.88 -0.02 
5473.95 -0.01 
5472.02 0.00 
5470.10 0.02 
5468.17 -0.05 
5466.24 0.03 
5464.31 -0.01 
5462.38 -0.03 
5460.45 0.01 
5458.53 -0.02 
5456.60 0.00 
5454.67 0.02 
5452.74 0.02 
5450.81 0.01 
5448.88 0.02 
5446.95 0.00 
5445.03 0.03 
5443.10 -0.02 
5441.17 0.03 
5439.24 0.03 
5437.31 0.01 
5435.38 -0.03 
5433.46 -0.01 
5431.53 0.02 
5429.60 0.00 
5427.67 0.05 
5425.74 -0.02 
5423.81 -0.03 
5421.88 -0.00 
5419.96 0.02 
5418.03 -0.01 
5416.10 0.05 
5414.17 -0.03 
5412.24 -0.03 
5410.31 0.03 
5408.39 -0.04 
5406.46 0.01 
5404.53 -0.00 
5402.60 -0.05 
5400.67 0.02 
5398.74 -0.05 
5396.81 -0.01 
5394.89 -0.02 
5392.96 0.04 
5391.03 0.02 
5389.10 0.02 
5387.17 0.02 
5385.24 0.04 
5383.32 -0.02 
5381.39 0.04 
5379.46 0.01 
5377.53 -0.03 
5375.60 0.03 
5373.67 -0.01 
5371.74 0.01 
5369.82 -0.02 
5367.89 -0.01 
5365.96 -0.02 
5364.03 -0.01 
5362.10 0.03 
5360.17 -0.01 
5358.24 0.01 
5356.32 -0.01 
5354.39 -0.01 
5352.46 -0.03 
5350.53 -0.02 
5348.60 0.00 
5346.67 0.01 
5344.75 0.01 
5342.82 -0.03 
5340.89 0.01 
5338.96 -0.04 
5337.03 -0.01 
5335.10 0.01 
5333.17 0.01 
5331.25 -0.02 
5329.32 0.04 
5327.39 -0.01 
5325.46 -0.03 
5323.53 0.00 
5321.60 -0.03 
5319.68 0.01 
5317.75 0.00 
5315.82 0.02 
5313.89 0.06 
5311.96 -0.04 
5310.03 0.06 
5308.10 -0.03 
5306.18 0.05 
5304.25 -0.04 
5302.32 -0.01 
5300.39 -0.03 
5298.46 0.05 
5296.53 -0.06 
5294.61 0.01 
5292.68 -0.05 
5290.75 0.02 
5288.82 -0.02 
5286.89 0.03 
5284.96 -0.02 
5283.03 0.02 
5281.11 -0.02 
5279.18 0.02 
5277.25 0.00 
5275.32 -0.00 
5273.39 -0.04 
5271.46 -0.02 
5269.54 -0.00 
5267.61 -0.02 
5265.68 0.01 
5263.75 -0.04 
5261.82 -0.03 
5259.89 0.01 
5257.96 0.00 
5256.04 0.01 
5254.11 -0.01 
5252.18 -0.03 
5250.25 -0.01 
5248.32 -0.02 
5246.39 -0.02 
5244.47 -0.03 
5242.54 0.01 
5240.61 0.01 
5238.68 0.05 
5236.75 0.01 
5234.82 0.01 
5232.89 -0.01 
5230.97 0.03 
5229.04 -0.03 
5227.11 -0.01 
5225.18 0.01 
5223.25 -0.02 
5221.32 -0.00 
5219.40 -0.01 
5217.47 0.01 
5215.54 -0.01 
5213.61 0.01 
5211.68 0.01 
5209.75 0.00 
5207.82 0.02 
5205.90 0.04 
5203.97 -0.01 
5202.04 0.01 
5200.11 0.03 
5198.18 0.01 
5196.25 0.01 
5194.33 -0.01 
5192.40 0.03 
5190.47 0.00 
5188.54 -0.01 
5186.61 0.02 
5184.68 0.02 
5182.75 -0.02 
5180.83 -0.03 
5178.90 0.01 
5176.97 -0.01 
5175.04 0.04 
5173.11 -0.02 
5171.18 0.01 
5169.26 -0.05 
5167.33 0.03 
5165.40 -0.03 
5163.47 0.03 
5161.54 0.04 
5159.61 0.03 
5157.68 -0.06 
5155.76 0.04 
5153.83 0.01 
5151.90 -0.02 
5149.97 -0.00 
5148.04 0.00 
5146.11 0.01 
5144.19 -0.01 
5142.26 -0.02 
5140.33 0.01 
5138.40 0.02 
5136.47 -0.02 
5134.54 0.03 
5132.61 -0.01 
5130.69 0.03 
5128.76 -0.02 
5126.83 0.01 
5124.90 -0.02 
5122.97 0.01 
5121.04 -0.02 
5119.12 0.03 
5117.19 0.00 
5115.26 -0.02 
5113.33 -0.01 
5111.40 -0.01 
5109.47 -0.00 
5107.54 -0.03 
5105.62 0.03 
5103.69 0.03 
5101.76 0.03 
5099.83 -0.03 
5097.90 -0.00 
5095.97 -0.02 
5094.05 -0.03 
5092.12 -0.02 
5090.19 -0.01 
5088.26 0.03 
5086.33 0.01 
5084.40 0.03 
5082.47 0.04 
5080.55 -0.03 
5078.62 0.01 
5076.69 -0.02 
5074.76 0.03 
5072.83 -0.07 
5070.90 0.00 
5068.97 -0.02 
5067.05 -0.01 
5065.12 0.02 
5063.19 -0.01 
5061.26 0.00 
5059.33 0.02 
5057.40 -0.03 
5055.48 0.01 
5053.55 -0.05 
5051.62 0.01 
5049.69 0.01 
5047.76 -0.01 
5045.83 -0.01 
5043.90 -0.03 
5041.98 -0.02 
5040.05 0.01 
5038.12 -0.02 
5036.19 0.02 
5034.26 0.02 
5032.33 0.00 
5030.41 -0.01 
5028.48 0.00 
5026.55 -0.00 
5024.62 0.05 
5022.69 0.00 
5020.76 -0.01 
5018.83 0.01 
5016.91 -0.02 
5014.98 0.00 
5013.05 0.02 
5011.12 -0.01 
5009.19 0.03 
5007.26 -0.03 
5005.34 0.02 
5003.41 -0.00 
5001.48 0.00 
4999.55 -0.02 
4997.62 -0.03 
4995.69 0.01 
4993.76 0.02 
4991.84 0.01 
4989.91 0.01 
4987.98 -0.02 
4986.05 0.03 
4984.12 0.00 
4982.19 -0.03 
4980.27 -0.00 
4978.34 0.03 
4976.41 0.01 
4974.48 -0.01 
4972.55 0.02 
4970.62 -0.00 
4968.69 -0.00 
4966.77 0.01 
4964.84 -0.01 
4962.91 -0.01 
4960.98 -0.01 
4959.05 0.01 
4957.12 -0.00 
4955.20 0.01 
4953.27 -0.00 
4951.34 -0.01 
4949.41 0.03 
4947.48 -0.03 
4945.55 -0.02 
4943.62 0.02 
4941.70 0.01 
4939.77 0.00 
4937.84 -0.01 
4935.91 0.00 
4933.98 -0.01 
4932.05 -0.02 
4930.13 -0.01 
4928.20 -0.03 
4926.27 -0.00 
4924.34 -0.04 
4922.41 0.01 
4920.48 -0.02 
4918.55 0.00 
4916.63 -0.03 
4914.70 -0.01 
4912.77 -0.01 
4910.84 -0.02 
4908.91 0.00 
4906.98 -0.04 
4905.06 0.01 
4903.13 -0.00 
4901.20 0.01 
4899.27 -0.01 
4897.34 0.02 
4895.41 0.03 
4893.48 0.04 
4891.56 -0.03 
4889.63 0.03 
4887.70 0.01 
4885.77 -0.02 
4883.84 -0.00 
4881.91 -0.03 
4879.99 -0.03 
4878.06 0.01 
4876.13 0.02 
4874.20 -0.02 
4872.27 0.01 
4870.34 -0.03 
4868.41 -0.03 
4866.49 0.03 
4864.56 0.01 
4862.63 -0.05 
4860.70 -0.03 
4858.77 -0.00 
4856.84 -0.01 
4854.92 -0.04 
4852.99 -0.02 
4851.06 -0.01 
4849.13 0.00 
4847.20 -0.02 
4845.27 0.01 
4843.34 -0.01 
4841.42 0.00 
4839.49 -0.02 
4837.56 0.02 
4835.63 0.01 
4833.70 0.01 
4831.77 0.02 
4829.85 -0.01 
4827.92 0.01 
4825.99 0.01 
4824.06 -0.03 
4822.13 -0.01 
4820.20 0.00 
4818.27 -0.01 
4816.35 0.01 
4814.42 -0.01 
4812.49 -0.02 
4810.56 -0.01 
4808.63 -0.05 
4806.70 0.00 
4804.78 -0.04 
4802.85 0.02 
4800.92 -0.01 
4798.99 0.01 
4797.06 0.01 
4795.13 -0.00 
4793.20 -0.03 
4791.28 -0.01 
4789.35 0.04 
4787.42 -0.00 
4785.49 0.05 
4783.56 0.01 
4781.63 -0.01 
4779.70 0.02 
4777.78 -0.01 
4775.85 -0.01 
4773.92 0.01 
4771.99 0.01 
4770.06 0.02 
4768.13 -0.02 
4766.21 0.00 
4764.28 0.02 
4762.35 -0.02 
4760.42 0.02 
4758.49 -0.01 
4756.56 0.01 
4754.63 0.03 
4752.71 0.00 
4750.78 0.02 
4748.85 -0.02 
4746.92 -0.01 
4744.99 0.00 
4743.06 0.01 
4741.14 -0.02 
4739.21 -0.03 
4737.28 -0.01 
4735.35 -0.02 
4733.42 -0.00 
4731.49 0.01 
4729.56 0.01 
4727.64 -0.00 
4725.71 -0.00 
4723.78 0.04 
4721.85 0.04 
4719.92 -0.03 
4717.99 0.00 
4716.07 -0.02 
4714.14 -0.04 
4712.21 -0.02 
4710.28 -0.01 
4708.35 -0.02 
4706.42 0.02 
4704.49 0.01 
4702.57 -0.01 
4700.64 -0.02 
4698.71 -0.03 
4696.78 -0.01 
4694.85 -0.02 
4692.92 -0.00 
4691.00 0.03 
4689.07 0.02 
4687.14 -0.01 
4685.21 0.02 
4683.28 -0.00 
4681.35 -0.01 
4679.42 0.02 
4677.50 -0.05 
4675.57 0.01 
4673.64 -0.02 
4671.71 -0.04 
4669.78 0.02 
4667.85 -0.02 
4665.93 -0.04 
4664.00 -0.00 
4662.07 0.00 
4660.14 0.01 
4658.21 0.02 
4656.28 0.01 
4654.35 -0.03 
4652.43 -0.02 
4650.50 -0.01 
4648.57 0.01 
4646.64 0.00 
4644.71 0.01 
4642.78 -0.01 
4640.86 -0.01 
4638.93 0.02 
4637.00 -0.01 
4635.07 -0.02 
4633.14 0.00 
4631.21 0.00 
4629.28 0.01 
4627.36 0.02 
4625.43 0.01 
4623.50 -0.03 
4621.57 -0.01 
4619.64 -0.03 
4617.71 0.02 
4615.79 -0.02 
4613.86 0.02 
4611.93 0.00 
4610.00 0.01 
4608.07 -0.02 
4606.14 0.00 
4604.21 -0.00 
4602.29 0.01 
4600.36 -0.03 
4598.43 -0.02 
4596.50 -0.03 
4594.57 0.02 
4592.64 0.01 
4590.72 0.03 
4588.79 0.01 
4586.86 0.01 
4584.93 -0.01 
4583.00 -0.02 
4581.07 0.02 
4579.14 -0.01 
4577.22 0.02 
4575.29 0.01 
4573.36 0.02 
4571.43 -0.02 
4569.50 0.01 
4567.57 -0.00 
4565.65 0.00 
4563.72 0.02 
4561.79 0.02 
4559.86 0.01 
4557.93 -0.01 
4556.00 -0.00 
4554.07 0.02 
4552.15 -0.00 
4550.22 0.01 
4548.29 0.01 
4546.36 -0.01 
4544.43 0.02 
4542.50 -0.00 
4540.58 0.01 
4538.65 0.01 
4536.72 -0.02 
4534.79 -0.01 
4532.86 0.01 
4530.93 -0.01 
4529.00 0.02 
4527.08 -0.01 
4525.15 0.01 
4523.22 0.01 
4521.29 0.01 
4519.36 -0.02 
4517.43 -0.01 
4515.51 0.01 
4513.58 0.01 
4511.65 -0.01 
4509.72 -0.01 
4507.79 0.01 
4505.86 -0.01 
4503.93 -0.01 
4502.01 -0.01 
4500.08 -0.00 
4498.15 -0.01 
4496.22 -0.02 
4494.29 -0.01 
4492.36 0.00 
4490.43 -0.03 
4488.51 0.01 
4486.58 -0.02 
4484.65 0.02 
4482.72 0.01 
4480.79 -0.03 
4478.86 0.00 
4476.94 0.01 
4475.01 -0.03 
4473.08 0.04 
4471.15 0.00 
4469.22 0.01 
4467.29 0.01 
4465.36 0.00 
4463.44 0.01 
4461.51 0.01 
4459.58 0.00 
4457.65 -0.01 
4455.72 -0.00 
4453.79 -0.01 
4451.87 -0.00 
4449.94 0.03 
4448.01 -0.04 
4446.08 -0.02 
4444.15 0.00 
4442.22 -0.01 
4440.29 -0.02 
4438.37 0.00 
4436.44 -0.04 
4434.51 0.01 
4432.58 0.00 
4430.65 -0.00 
4428.72 -0.00 
4426.80 0.03 
4424.87 -0.01 
4422.94 0.03 
4421.01 -0.01 
4419.08 -0.01 
4417.15 0.01 
4415.22 0.00 
4413.30 0.01 
4411.37 -0.04 
4409.44 0.00 
4407.51 0.03 
4405.58 -0.02 
4403.65 0.02 
4401.73 -0.00 
4399.80 -0.02 
4397.87 -0.00 
4395.94 0.00 
4394.01 -0.00 
4392.08 0.00 
4390.15 0.00 
4388.23 0.01 
4386.30 0.01 
4384.37 0.00 
4382.44 -0.01 
4380.51 -0.00 
4378.58 -0.00 
4376.66 -0.00 
4374.73 -0.01 
4372.80 0.03 
4370.87 0.01 
4368.94 -0.01 
4367.01 -0.03 
4365.08 0.01 
4363.16 -0.00 
4361.23 0.02 
4359.30 0.01 
4357.37 -0.03 
4355.44 0.00 
4353.51 0.02 
4351.59 0.01 
4349.66 -0.02 
4347.73 0.03 
4345.80 0.00 
4343.87 -0.03 
4341.94 0.01 
4340.01 0.01 
4338.09 0.03 
4336.16 -0.02 
4334.23 0.01 
4332.30 -0.02 
4330.37 0.02 
4328.44 0.00 
4326.52 0.04 
4324.59 0.05 
4322.66 0.03 
4320.73 -0.09 
4318.80 -0.12 
4316.87 0.07 
4314.94 0.16 
4313.02 -0.09 
4311.09 -0.20 
4309.16 0.15 
4307.23 0.17 
4305.30 -0.28 
4303.37 0.12 
4301.45 0.22 
4299.52 -0.34 
4297.59 0.18 
4295.66 0.21 
4293.73 -0.39 
4291.80 0.25 
4289.87 -0.08 
4287.95 0.06 
4286.02 0.20 
4284.09 -0.41 
4282.16 0.20 
4280.23 -0.22 
4278.30 0.21 
4276.38 0.11 
4274.45 0.07 
4272.52 0.20 
4270.59 -0.12 
4268.66 0.13 
4266.73 -0.21 
4264.80 0.06 
4262.88 -0.16 
4260.95 0.02 
4259.02 0.02 
4257.09 0.01 
4255.16 -0.14 
4253.23 0.05 
4251.31 -0.27 
4249.38 0.07 
4247.45 -0.28 
4245.52 0.07 
4243.59 -0.18 
4241.66 0.10 
4239.73 0.02 
4237.81 0.19 
4235.88 0.19 
4233.95 0.14 
4232.02 0.14 
4230.09 -0.11 
4228.16 0.05 
4226.23 -0.39 
4224.31 0.04 
4222.38 -0.15 
4220.45 0.12 
4218.52 0.16 
4216.59 0.11 
4214.66 0.04 
4212.74 -0.30 
4210.81 0.00 
4208.88 -0.04 
4206.95 0.12 
4205.02 0.07 
4203.09 -0.05 
4201.16 -0.01 
4199.24 -0.14 
4197.31 0.08 
4195.38 0.10 
4193.45 -0.01 
4191.52 0.00 
4189.59 -0.10 
4187.67 0.05 
4185.74 0.03 
4183.81 -0.08 
4181.88 -0.02 
4179.95 0.02 
4178.02 0.05 
4176.09 -0.01 
4174.17 -0.07 
4172.24 0.00 
4170.31 0.04 
4168.38 -0.02 
4166.45 0.01 
4164.52 0.01 
4162.60 0.03 
4160.67 0.04 
4158.74 -0.03 
4156.81 0.01 
4154.88 -0.02 
4152.95 -0.01 
4151.02 0.01 
4149.10 0.00 
4147.17 -0.04 
4145.24 -0.01 
4143.31 -0.00 
4141.38 0.03 
4139.45 -0.02 
4137.53 0.00 
4135.60 0.02 
4133.67 0.02 
4131.74 0.01 
4129.81 0.01 
4127.88 0.02 
4125.95 -0.03 
4124.03 -0.01 
4122.10 0.02 
4120.17 -0.03 
4118.24 0.01 
4116.31 0.00 
4114.38 0.01 
4112.46 0.01 
4110.53 -0.02 
4108.60 -0.02 
4106.67 0.00 
4104.74 0.01 
4102.81 0.01 
4100.88 -0.03 
4098.96 0.01 
4097.03 -0.01 
4095.10 0.02 
4093.17 0.00 
4091.24 -0.00 
4089.31 0.00 
4087.39 0.02 
4085.46 0.01 
4083.53 0.01 
4081.60 0.01 
4079.67 0.03 
4077.74 -0.01 
4075.81 -0.01 
4073.89 -0.01 
4071.96 -0.01 
4070.03 0.01 
4068.10 0.00 
4066.17 -0.00 
4064.24 -0.02 
4062.32 0.01 
4060.39 0.01 
4058.46 -0.04 
4056.53 0.01 
4054.60 -0.01 
4052.67 0.01 
4050.74 -0.01 
4048.82 0.01 
4046.89 -0.01 
4044.96 0.01 
4043.03 0.03 
4041.10 -0.01 
4039.17 0.01 
4037.25 0.00 
4035.32 -0.01 
4033.39 0.01 
4031.46 0.01 
4029.53 0.01 
4027.60 -0.02 
4025.67 -0.03 
4023.75 0.00 
4021.82 -0.01 
4019.89 0.01 
4017.96 0.01 
4016.03 0.01 
4014.10 -0.01 
4012.18 -0.02 
4010.25 0.01 
4008.32 -0.01 
4006.39 -0.02 
4004.46 0.00 
4002.53 0.03 
4000.60 -0.01 
3998.68 0.01 
3996.75 0.01 
3994.82 -0.00 
3992.89 0.01 
3990.96 0.00 
3989.03 -0.01 
3987.11 -0.00 
3985.18 0.01 
3983.25 -0.03 
3981.32 0.02 
3979.39 -0.01 
3977.46 0.03 
3975.53 -0.01 
3973.61 -0.01 
3971.68 0.01 
3969.75 -0.01 
3967.82 0.01 
3965.89 -0.02 
3963.96 0.02 
3962.04 0.02 
3960.11 -0.00 
3958.18 0.01 
3956.25 -0.01 
3954.32 0.01 
3952.39 -0.02 
3950.46 -0.01 
3948.54 -0.01 
3946.61 0.00 
3944.68 -0.02 
3942.75 -0.01 
3940.82 -0.02 
3938.89 -0.01 
3936.96 0.00 
3935.04 0.03 
3933.11 0.01 
3931.18 0.01 
3929.25 -0.00 
3927.32 -0.01 
3925.39 -0.01 
3923.47 0.00 
3921.54 0.00 
3919.61 0.01 
3917.68 -0.03 
3915.75 -0.01 
3913.82 0.02 
3911.89 -0.02 
3909.97 -0.01 
3908.04 0.00 
3906.11 0.00 
3904.18 -0.05 
3902.25 -0.09 
3900.32 -0.06 
3898.40 0.11 
3896.47 -0.01 
3894.54 -0.01 
3892.61 0.02 
3890.68 0.08 
3888.75 -0.02 
3886.82 -0.04 
3884.90 0.14 
3882.97 0.00 
3881.04 -0.03 
3879.11 0.06 
3877.18 -0.03 
3875.25 -0.01 
3873.33 0.10 
3871.40 0.00 
3869.47 0.05 
3867.54 -0.04 
3865.61 -0.04 
3863.68 0.05 
3861.75 -0.02 
3859.83 -0.03 
3857.90 -0.03 
3855.97 0.02 
3854.04 -0.01 
3852.11 -0.14 
3850.18 -0.11 
3848.26 -0.01 
3846.33 0.01 
3844.40 -0.03 
3842.47 0.05 
3840.54 0.02 
3838.61 -0.07 
3836.68 0.08 
3834.76 0.02 
3832.83 -0.04 
3830.90 0.10 
3828.97 -0.01 
3827.04 -0.01 
3825.11 -0.02 
3823.19 -0.01 
3821.26 0.02 
3819.33 -0.02 
3817.40 -0.03 
3815.47 0.19 
3813.54 -0.02 
3811.61 -0.00 
3809.69 0.02 
3807.76 -0.04 
3805.83 0.08 
3803.90 -0.00 
3801.97 -0.05 
3800.04 -0.01 
3798.12 -0.00 
3796.19 -0.01 
3794.26 -0.03 
3792.33 0.00 
3790.40 0.02 
3788.47 0.01 
3786.54 0.01 
3784.62 -0.02 
3782.69 0.00 
3780.76 0.02 
3778.83 0.04 
3776.90 0.01 
3774.97 0.00 
3773.05 -0.01 
3771.12 -0.00 
3769.19 0.11 
3767.26 -0.01 
3765.33 0.04 
3763.40 -0.01 
3761.47 0.00 
3759.55 -0.00 
3757.62 -0.02 
3755.69 0.03 
3753.76 -0.01 
3751.83 0.09 
3749.90 -0.13 
3747.98 -0.05 
3746.05 -0.03 
3744.12 0.18 
3742.19 -0.08 
3740.26 0.02 
3738.33 -0.02 
3736.40 0.01 
3734.48 0.05 
3732.55 -0.11 
3730.62 -0.03 
3728.69 -0.01 
3726.76 -0.03 
3724.83 -0.02 
3722.91 -0.04 
3720.98 0.04 
3719.05 -0.02 
3717.12 -0.04 
3715.19 -0.00 
3713.26 -0.03 
3711.33 0.15 
3709.41 -0.03 
3707.48 -0.05 
3705.55 0.00 
3703.62 -0.00 
3701.69 -0.01 
3699.76 -0.05 
3697.84 0.03 
3695.91 0.02 
3693.98 -0.00 
3692.05 -0.01 
3690.12 0.06 
3688.19 0.04 
3686.26 -0.05 
3684.34 0.02 
3682.41 -0.01 
3680.48 0.02 
3678.55 0.06 
3676.62 -0.03 
3674.69 0.09 
3672.77 -0.05 
3670.84 -0.05 
3668.91 -0.12 
3666.98 -0.05 
3665.05 0.03 
3663.12 -0.00 
3661.19 0.00 
3659.27 0.02 
3657.34 -0.02 
3655.41 0.10 
3653.48 0.00 
3651.55 -0.05 
3649.62 -0.04 
3647.69 -0.10 
3645.77 0.00 
3643.84 -0.00 
3641.91 -0.01 
3639.98 -0.01 
3638.05 0.00 
3636.12 0.01 
3634.20 -0.04 
3632.27 -0.02 
3630.34 -0.03 
3628.41 0.06 
3626.48 -0.06 
3624.55 -0.03 
3622.62 -0.00 
3620.70 0.02 
3618.77 0.11 
3616.84 0.06 
3614.91 -0.02 
3612.98 -0.03 
3611.05 -0.01 
3609.13 -0.01 
3607.20 -0.09 
3605.27 -0.03 
3603.34 -0.02 
3601.41 -0.02 
3599.48 -0.00 
3597.55 -0.00 
3595.63 0.00 
3593.70 -0.04 
3591.77 -0.01 
3589.84 -0.00 
3587.91 0.06 
3585.98 0.07 
3584.06 -0.00 
3582.13 -0.02 
3580.20 0.01 
3578.27 -0.00 
3576.34 0.04 
3574.41 0.00 
3572.48 -0.02 
3570.56 0.00 
3568.63 -0.04 
3566.70 0.00 
3564.77 0.02 
3562.84 -0.00 
3560.91 -0.02 
3558.99 0.03 
3557.06 -0.02 
3555.13 -0.01 
3553.20 0.00 
3551.27 0.04 
3549.34 -0.01 
3547.41 -0.01 
3545.49 -0.01 
3543.56 -0.01 
3541.63 0.02 
3539.70 -0.01 
3537.77 -0.01 
3535.84 0.01 
3533.92 -0.01 
3531.99 -0.00 
3530.06 0.02 
3528.13 0.02 
3526.20 0.02 
3524.27 0.01 
3522.34 0.01 
3520.42 0.01 
3518.49 0.01 
3516.56 -0.02 
3514.63 -0.02 
3512.70 -0.01 
3510.77 -0.01 
3508.85 0.02 
3506.92 0.00 
3504.99 -0.01 
3503.06 0.01 
3501.13 0.02 
3499.20 0.00 
3497.27 -0.01 
3495.35 0.01 
3493.42 -0.01 
3491.49 -0.00 
3489.56 0.03 
3487.63 0.01 
3485.70 -0.00 
3483.78 0.01 
3481.85 0.02 
3479.92 0.01 
3477.99 -0.01 
3476.06 -0.01 
3474.13 0.02 
3472.20 0.01 
3470.28 0.00 
3468.35 0.01 
3466.42 -0.00 
3464.49 -0.00 
3462.56 -0.01 
3460.63 0.00 
3458.71 -0.00 
3456.78 0.01 
3454.85 -0.00 
3452.92 0.00 
3450.99 0.01 
3449.06 -0.01 
3447.13 0.02 
3445.21 -0.01 
3443.28 -0.00 
3441.35 -0.01 
3439.42 0.01 
3437.49 -0.00 
3435.56 0.01 
3433.64 0.03 
3431.71 -0.01 
3429.78 0.02 
3427.85 0.02 
3425.92 -0.02 
3423.99 0.02 
3422.06 -0.01 
3420.14 0.02 
3418.21 0.00 
3416.28 0.00 
3414.35 0.01 
3412.42 0.00 
3410.49 -0.01 
3408.57 -0.01 
3406.64 0.01 
3404.71 0.03 
3402.78 -0.01 
3400.85 -0.01 
3398.92 0.01 
3396.99 0.02 
3395.07 -0.01 
3393.14 -0.03 
3391.21 0.02 
3389.28 0.01 
3387.35 0.00 
3385.42 -0.01 
3383.49 -0.00 
3381.57 -0.02 
3379.64 -0.02 
3377.71 0.02 
3375.78 -0.02 
3373.85 -0.00 
3371.92 0.02 
3370.00 -0.02 
3368.07 -0.00 
3366.14 -0.01 
3364.21 -0.01 
3362.28 0.02 
3360.35 0.01 
3358.42 0.00 
3356.50 -0.01 
3354.57 -0.02 
3352.64 0.01 
3350.71 -0.02 
3348.78 0.02 
3346.85 -0.01 
3344.93 -0.02 
3343.00 0.02 
3341.07 -0.02 
3339.14 0.01 
3337.21 -0.00 
3335.28 -0.00 
3333.35 0.01 
3331.43 -0.02 
3329.50 0.01 
3327.57 -0.00 
3325.64 0.03 
3323.71 0.00 
3321.78 0.01 
3319.86 -0.01 
3317.93 0.01 
3316.00 -0.01 
3314.07 -0.00 
3312.14 -0.00 
3310.21 0.02 
3308.28 -0.00 
3306.36 -0.01 
3304.43 -0.00 
3302.50 0.01 
3300.57 0.01 
3298.64 0.02 
3296.71 0.01 
3294.79 -0.01 
3292.86 -0.00 
3290.93 0.03 
3289.00 -0.00 
3287.07 0.01 
3285.14 0.00 
3283.21 0.03 
3281.29 0.01 
3279.36 0.01 
3277.43 0.01 
3275.50 0.01 
3273.57 -0.01 
3271.64 0.01 
3269.72 -0.01 
3267.79 -0.02 
3265.86 0.02 
3263.93 -0.00 
3262.00 -0.02 
3260.07 0.01 
3258.14 -0.03 
3256.22 -0.02 
3254.29 0.01 
3252.36 -0.01 
3250.43 0.03 
3248.50 0.01 
3246.57 -0.01 
3244.65 0.00 
3242.72 0.00 
3240.79 0.01 
3238.86 -0.01 
3236.93 -0.00 
3235.00 -0.01 
3233.07 0.00 
3231.15 0.00 
3229.22 -0.00 
3227.29 -0.01 
3225.36 -0.02 
3223.43 -0.03 
3221.50 -0.02 
3219.58 0.03 
3217.65 0.03 
3215.72 -0.00 
3213.79 0.00 
3211.86 0.01 
3209.93 -0.01 
3208.00 0.00 
3206.08 -0.00 
3204.15 0.01 
3202.22 -0.00 
3200.29 0.01 
3198.36 0.00 
3196.43 0.01 
3194.51 -0.00 
3192.58 0.01 
3190.65 -0.01 
3188.72 -0.01 
3186.79 0.01 
3184.86 -0.01 
3182.93 -0.01 
3181.01 0.01 
3179.08 -0.01 
3177.15 0.01 
3175.22 0.01 
3173.29 -0.01 
3171.36 -0.01 
3169.44 -0.02 
3167.51 0.00 
3165.58 -0.00 
3163.65 0.00 
3161.72 0.01 
3159.79 -0.00 
3157.86 -0.00 
3155.94 -0.01 
3154.01 0.01 
3152.08 -0.01 
3150.15 -0.00 
3148.22 0.02 
3146.29 -0.00 
3144.37 0.01 
3142.44 0.01 
3140.51 0.01 
3138.58 0.00 
3136.65 0.02 
3134.72 0.01 
3132.79 0.00 
3130.87 0.00 
3128.94 -0.01 
3127.01 0.00 
3125.08 0.01 
3123.15 0.03 
3121.22 -0.00 
3119.30 0.00 
3117.37 -0.01 
3115.44 0.01 
3113.51 -0.01 
3111.58 0.01 
3109.65 -0.01 
3107.72 0.04 
3105.80 -0.01 
3103.87 0.01 
3101.94 -0.00 
3100.01 0.01 
3098.08 0.00 
3096.15 0.01 
3094.22 0.00 
3092.30 -0.01 
3090.37 -0.01 
3088.44 0.02 
3086.51 -0.01 
3084.58 0.02 
3082.65 0.02 
3080.73 0.01 
3078.80 -0.01 
3076.87 -0.00 
3074.94 0.01 
3073.01 -0.02 
3071.08 -0.02 
3069.15 -0.01 
3067.23 -0.02 
3065.30 0.00 
3063.37 -0.02 
3061.44 0.01 
3059.51 -0.01 
3057.58 0.01 
3055.66 0.00 
3053.73 0.01 
3051.80 -0.01 
3049.87 0.01 
3047.94 0.00 
3046.01 0.00 
3044.08 0.01 
3042.16 0.00 
3040.23 0.01 
3038.30 0.00 
3036.37 0.01 
3034.44 -0.01 
3032.51 -0.01 
3030.59 0.00 
3028.66 0.01 
3026.73 -0.01 
3024.80 -0.00 
3022.87 0.00 
3020.94 0.00 
3019.01 -0.01 
3017.09 -0.01 
3015.16 0.01 
3013.23 -0.01 
3011.30 -0.00 
3009.37 -0.00 
3007.44 -0.01 
3005.52 0.02 
3003.59 0.01 
3001.66 -0.00 
2999.73 -0.01 
2997.80 -0.03 
2995.87 0.01 
2993.94 -0.00 
2992.02 -0.01 
2990.09 -0.00 
2988.16 -0.00 
2986.23 0.00 
2984.30 -0.02 
2982.37 0.01 
2980.45 0.01 
2978.52 0.01 
2976.59 -0.01 
2974.66 -0.01 
2972.73 0.01 
2970.80 -0.01 
2968.87 -0.00 
2966.95 -0.02 
2965.02 0.01 
2963.09 0.01 
2961.16 -0.00 
2959.23 -0.00 
2957.30 0.01 
2955.38 0.01 
2953.45 -0.00 
2951.52 -0.01 
2949.59 0.01 
2947.66 0.02 
2945.73 0.02 
2943.80 0.01 
2941.88 -0.00 
2939.95 0.01 
2938.02 0.01 
2936.09 0.00 
2934.16 0.01 
2932.23 0.01 
2930.31 -0.00 
2928.38 -0.00 
2926.45 0.02 
2924.52 -0.01 
2922.59 0.00 
2920.66 0.01 
2918.73 -0.00 
2916.81 0.02 
2914.88 -0.01 
2912.95 0.01 
2911.02 -0.02 
2909.09 0.01 
2907.16 -0.01 
2905.24 0.02 
2903.31 0.01 
2901.38 -0.00 
2899.45 0.01 
2897.52 -0.01 
2895.59 -0.01 
2893.66 -0.00 
2891.74 0.01 
2889.81 0.00 
2887.88 -0.01 
2885.95 0.02 
2884.02 -0.00 
2882.09 -0.01 
2880.17 -0.01 
2878.24 0.00 
2876.31 -0.00 
2874.38 -0.00 
2872.45 0.00 
2870.52 -0.00 
2868.59 -0.00 
2866.67 -0.00 
2864.74 -0.01 
2862.81 0.01 
2860.88 0.00 
2858.95 -0.01 
2857.02 -0.00 
2855.10 0.00 
2853.17 0.01 
2851.24 0.01 
2849.31 0.00 
2847.38 -0.00 
2845.45 -0.00 
2843.52 0.00 
2841.60 0.00 
2839.67 -0.02 
2837.74 0.01 
2835.81 -0.01 
2833.88 -0.02 
2831.95 -0.00 
2830.03 0.00 
2828.10 -0.00 
2826.17 0.01 
2824.24 -0.00 
2822.31 -0.01 
2820.38 -0.00 
2818.45 0.00 
2816.53 0.00 
2814.60 0.00 
2812.67 0.02 
2810.74 -0.01 
2808.81 0.01 
2806.88 -0.01 
2804.95 0.01 
2803.03 0.01 
2801.10 0.00 
2799.17 -0.01 
2797.24 0.01 
2795.31 -0.01 
2793.38 0.00 
2791.46 0.00 
2789.53 0.02 
2787.60 -0.01 
2785.67 0.00 
2783.74 -0.01 
2781.81 0.01 
2779.88 0.01 
2777.96 -0.00 
2776.03 0.01 
2774.10 0.01 
2772.17 -0.01 
2770.24 0.01 
2768.31 -0.01 
2766.39 0.00 
2764.46 -0.01 
2762.53 0.02 
2760.60 -0.01 
2758.67 0.00 
2756.74 -0.00 
2754.81 -0.00 
2752.89 -0.01 
2750.96 0.00 
2749.03 0.00 
2747.10 -0.00 
2745.17 0.01 
2743.24 0.01 
2741.32 -0.01 
2739.39 -0.02 
2737.46 -0.01 
2735.53 0.01 
2733.60 0.02 
2731.67 -0.00 
2729.74 -0.01 
2727.82 -0.00 
2725.89 -0.00 
2723.96 0.01 
2722.03 -0.01 
2720.10 0.01 
2718.17 -0.01 
2716.25 -0.00 
2714.32 -0.01 
2712.39 0.01 
2710.46 0.01 
2708.53 -0.01 
2706.60 0.03 
2704.67 -0.00 
2702.75 -0.00 
2700.82 -0.00 
2698.89 -0.00 
2696.96 -0.00 
2695.03 -0.01 
2693.10 0.01 
2691.18 -0.01 
2689.25 0.00 
2687.32 -0.00 
2685.39 0.00 
2683.46 0.01 
2681.53 -0.01 
2679.60 0.00 
2677.68 0.01 
2675.75 0.01 
2673.82 0.01 
2671.89 -0.00 
2669.96 -0.01 
2668.03 0.01 
2666.11 0.01 
2664.18 -0.01 
2662.25 -0.00 
2660.32 -0.00 
2658.39 0.00 
2656.46 -0.01 
2654.53 0.00 
2652.61 -0.00 
2650.68 -0.00 
2648.75 0.01 
2646.82 0.02 
2644.89 -0.00 
2642.96 0.00 
2641.04 -0.01 
2639.11 -0.00 
2637.18 -0.01 
2635.25 0.01 
2633.32 0.00 
2631.39 -0.00 
2629.46 0.01 
2627.54 0.01 
2625.61 -0.00 
2623.68 0.01 
2621.75 0.00 
2619.82 -0.01 
2617.89 0.00 
2615.97 0.01 
2614.04 0.01 
2612.11 0.01 
2610.18 -0.01 
2608.25 -0.00 
2606.32 0.00 
2604.39 -0.00 
2602.47 0.01 
2600.54 0.01 
2598.61 -0.01 
2596.68 -0.00 
2594.75 -0.00 
2592.82 -0.00 
2590.90 -0.01 
2588.97 0.02 
2587.04 -0.01 
2585.11 0.01 
2583.18 0.00 
2581.25 -0.00 
2579.32 -0.01 
2577.40 -0.00 
2575.47 -0.00 
2573.54 0.00 
2571.61 0.00 
2569.68 0.00 
2567.75 0.00 
2565.83 0.01 
2563.90 -0.00 
2561.97 -0.01 
2560.04 0.02 
2558.11 0.00 
2556.18 0.00 
2554.25 -0.02 
2552.33 0.01 
2550.40 0.00 
2548.47 0.00 
2546.54 0.01 
2544.61 0.00 
2542.68 -0.00 
2540.76 -0.01 
2538.83 0.01 
2536.90 -0.02 
2534.97 -0.01 
2533.04 0.01 
2531.11 0.01 
2529.18 0.01 
2527.26 -0.00 
2525.33 -0.01 
2523.40 0.01 
2521.47 -0.01 
2519.54 -0.00 
2517.61 -0.00 
2515.68 0.00 
2513.76 -0.01 
2511.83 0.01 
2509.90 0.00 
2507.97 -0.00 
2506.04 -0.00 
2504.11 0.00 
2502.19 0.01 
2500.26 -0.01 
2498.33 0.00 
2496.40 0.00 
2494.47 -0.01 
2492.54 -0.00 
2490.61 0.00 
2488.69 0.00 
2486.76 0.01 
2484.83 0.01 
2482.90 0.00 
2480.97 -0.01 
2479.04 0.00 
2477.12 -0.00 
2475.19 0.01 
2473.26 -0.00 
2471.33 -0.01 
2469.40 0.01 
2467.47 -0.01 
2465.54 0.01 
2463.62 -0.00 
2461.69 -0.01 
2459.76 0.00 
2457.83 0.00 
2455.90 -0.00 
2453.97 -0.00 
2452.05 -0.00 
2450.12 0.00 
2448.19 -0.00 
2446.26 0.01 
2444.33 -0.01 
2442.40 0.01 
2440.47 -0.00 
2438.55 -0.01 
2436.62 0.01 
2434.69 0.00 
2432.76 -0.00 
2430.83 -0.01 
2428.90 0.01 
2426.98 -0.00 
2425.05 0.00 
2423.12 0.00 
2421.19 -0.01 
2419.26 0.00 
2417.33 0.00 
2415.40 -0.01 
2413.48 0.01 
2411.55 -0.01 
2409.62 -0.00 
2407.69 -0.00 
2405.76 -0.00 
2403.83 0.00 
2401.91 -0.01 
2399.98 0.01 
2398.05 -0.01 
2396.12 -0.00 
2394.19 -0.00 
2392.26 0.00 
2390.33 -0.00 
2388.41 0.00 
2386.48 -0.00 
2384.55 0.01 
2382.62 0.01 
2380.69 -0.00 
2378.76 -0.01 
2376.84 0.01 
2374.91 -0.00 
2372.98 -0.01 
2371.05 -0.01 
2369.12 -0.00 
2367.19 0.01 
2365.26 0.02 
2363.34 -0.01 
2361.41 0.01 
2359.48 0.00 
2357.55 -0.03 
2355.62 0.05 
2353.69 0.00 
2351.77 -0.03 
2349.84 0.00 
2347.91 0.03 
2345.98 0.02 
2344.05 0.05 
2342.12 0.02 
2340.19 -0.04 
2338.27 -0.10 
2336.34 -0.06 
2334.41 -0.01 
2332.48 0.04 
2330.55 0.06 
2328.62 0.11 
2326.70 0.08 
2324.77 0.07 
2322.84 0.08 
2320.91 0.07 
2318.98 0.06 
2317.05 0.06 
2315.12 0.05 
2313.20 0.03 
2311.27 0.02 
2309.34 0.02 
2307.41 0.00 
2305.48 -0.00 
2303.55 -0.02 
2301.63 -0.00 
2299.70 -0.00 
2297.77 -0.00 
2295.84 0.01 
2293.91 0.00 
2291.98 0.00 
2290.05 -0.01 
2288.13 -0.01 
2286.20 0.01 
2284.27 0.00 
2282.34 0.00 
2280.41 -0.01 
2278.48 -0.00 
2276.56 0.01 
2274.63 0.00 
2272.70 -0.00 
2270.77 -0.01 
2268.84 0.00 
2266.91 -0.00 
2264.98 0.00 
2263.06 0.01 
2261.13 -0.00 
2259.20 0.00 
2257.27 0.00 
2255.34 0.01 
2253.41 -0.00 
2251.48 -0.01 
2249.56 0.01 
2247.63 0.05 
2245.70 -0.03 
2243.77 -0.09 
2241.84 0.11 
2239.91 0.08 
2237.99 -0.21 
2236.06 0.07 
2234.13 0.23 
2232.20 -0.29 
2230.27 0.00 
2228.34 0.35 
2226.41 -0.41 
2224.49 0.03 
2222.56 0.50 
2220.63 -0.75 
2218.70 0.37 
2216.77 0.60 
2214.84 -1.33 
2212.92 0.77 
2210.99 0.33 
2209.06 -0.70 
2207.13 0.92 
2205.20 -1.58 
2203.27 0.98 
2201.34 0.90 
2199.42 -1.36 
2197.49 1.16 
2195.56 -2.42 
2193.63 1.32 
2191.70 0.68 
2189.77 0.23 
2187.85 1.44 
2185.92 -3.01 
2183.99 1.40 
2182.06 -2.65 
2180.13 1.56 
2178.20 0.36 
2176.27 1.60 
2174.35 1.74 
2172.42 -0.57 
2170.49 1.52 
2168.56 -3.68 
2166.63 1.52 
2164.70 -4.34 
2162.78 1.46 
2160.85 -3.50 
2158.92 1.37 
2156.99 -1.38 
2155.06 1.31 
2153.13 -0.59 
2151.20 1.24 
2149.28 0.39 
2147.35 0.99 
2145.42 0.46 
2143.49 -0.10 
2141.56 0.22 
2139.63 0.61 
2137.71 0.85 
2135.78 1.20 
2133.85 0.08 
2131.92 1.39 
2129.99 0.21 
2128.06 1.39 
2126.13 -0.10 
2124.21 1.29 
2122.28 -0.78 
2120.35 1.29 
2118.42 -1.79 
2116.49 0.63 
2114.56 -3.18 
2112.64 0.72 
2110.71 -3.69 
2108.78 1.18 
2106.85 -2.18 
2104.92 1.14 
2102.99 -0.08 
2101.06 1.14 
2099.14 1.12 
2097.21 1.12 
2095.28 1.07 
2093.35 -0.14 
2091.42 0.57 
2089.49 -2.27 
2087.57 0.27 
2085.64 -1.91 
2083.71 0.46 
2081.78 0.55 
2079.85 0.94 
2077.92 0.87 
2075.99 0.34 
2074.07 0.50 
2072.14 -1.58 
2070.21 0.38 
2068.28 -1.73 
2066.35 0.57 
2064.42 0.20 
2062.50 0.75 
2060.57 0.09 
2058.64 -0.50 
2056.71 -0.30 
2054.78 -0.68 
2052.85 -0.25 
2050.92 0.44 
2049.00 -0.17 
2047.07 0.20 
2045.14 -1.08 
2043.21 0.08 
2041.28 -0.32 
2039.35 0.22 
2037.43 0.25 
2035.50 0.19 
2033.57 0.13 
2031.64 -0.24 
2029.71 0.16 
2027.78 0.13 
2025.85 0.17 
2023.93 -0.10 
2022.00 -0.20 
2020.07 -0.13 
2018.14 0.08 
2016.21 0.03 
2014.28 0.07 
2012.36 -0.08 
2010.43 0.03 
2008.50 0.04 
2006.57 0.01 
2004.64 0.01 
2002.71 -0.09 
2000.78 0.01 
1998.86 -0.00 
1996.93 0.02 
1995.00 0.01 
1993.07 -0.01 
1991.14 0.02 
1989.21 -0.00 
1987.29 0.01 
1985.36 -0.00 
1983.43 0.00 
1981.50 0.00 
1979.57 0.01 
1977.64 0.00 
1975.71 -0.00 
1973.79 -0.01 
1971.86 0.00 
1969.93 0.00 
1968.00 -0.01 
1966.07 0.00 
1964.14 0.01 
1962.21 -0.00 
1960.29 0.00 
1958.36 -0.00 
1956.43 -0.00 
1954.50 0.00 
1952.57 -0.00 
1950.64 0.01 
1948.72 -0.00 
1946.79 -0.01 
1944.86 0.00 
1942.93 -0.02 
1941.00 0.00 
1939.07 -0.01 
1937.14 -0.00 
1935.22 0.00 
1933.29 0.00 
1931.36 0.00 
1929.43 -0.00 
1927.50 0.01 
1925.57 0.00 
1923.65 -0.01 
1921.72 0.01 
1919.79 -0.00 
1917.86 -0.00 
1915.93 -0.01 
1914.00 -0.00 
1912.07 -0.00 
1910.15 -0.01 
1908.22 -0.01 
1906.29 -0.01 
1904.36 0.00 
1902.43 0.00 
1900.50 0.00 
1898.58 0.01 
1896.65 -0.00 
1894.72 0.00 
1892.79 0.00 
1890.86 0.01 
1888.93 0.04 
1887.00 -0.00 
1885.08 -0.01 
1883.15 0.01 
1881.22 -0.01 
1879.29 0.01 
1877.36 0.00 
1875.43 0.00 
1873.51 0.00 
1871.58 -0.00 
1869.65 -0.02 
1867.72 -0.02 
1865.79 0.01 
1863.86 -0.00 
1861.93 -0.00 
1860.01 0.01 
1858.08 0.00 
1856.15 -0.00 
1854.22 0.00 
1852.29 0.01 
1850.36 -0.01 
1848.44 0.00 
1846.51 0.01 
1844.58 -0.05 
1842.65 -0.03 
1840.72 -0.01 
1838.79 0.00 
1836.86 0.01 
1834.94 -0.00 
1833.01 -0.00 
1831.08 -0.01 
1829.15 0.05 
1827.22 -0.02 
1825.29 -0.01 
1823.37 -0.03 
1821.44 -0.00 
1819.51 -0.01 
1817.58 -0.01 
1815.65 -0.00 
1813.72 -0.00 
1811.79 -0.00 
1809.87 0.03 
1807.94 -0.00 
1806.01 -0.01 
1804.08 0.01 
1802.15 -0.00 
1800.22 -0.01 
1798.30 0.01 
1796.37 -0.02 
1794.44 0.00 
1792.51 0.01 
1790.58 -0.00 
1788.65 -0.02 
1786.72 -0.00 
1784.80 -0.00 
1782.87 -0.01 
1780.94 -0.02 
1779.01 -0.01 
1777.08 -0.00 
1775.15 0.01 
1773.23 -0.06 
1771.30 -0.01 
1769.37 -0.02 
1767.44 0.07 
1765.51 -0.01 
1763.58 0.00 
1761.65 -0.01 
1759.73 -0.01 
1757.80 -0.01 
1755.87 0.04 
1753.94 0.00 
1752.01 -0.02 
1750.08 0.05 
1748.16 0.03 
1746.23 0.01 
1744.30 -0.01 
1742.37 0.04 
1740.44 -0.04 
1738.51 0.02 
1736.58 -0.01 
1734.66 -0.06 
1732.73 0.06 
1730.80 -0.02 
1728.87 0.03 
1726.94 -0.00 
1725.01 0.01 
1723.09 0.00 
1721.16 -0.00 
1719.23 -0.05 
1717.30 0.02 
1715.37 -0.07 
1713.44 0.01 
1711.51 -0.01 
1709.59 0.02 
1707.66 -0.01 
1705.73 0.06 
1703.80 0.04 
1701.87 -0.01 
1699.94 0.13 
1698.02 -0.08 
1696.09 -0.09 
1694.16 -0.03 
1692.23 -0.01 
1690.30 -0.02 
1688.37 -0.01 
1686.44 -0.01 
1684.52 0.01 
1682.59 0.05 
1680.66 -0.03 
1678.73 0.00 
1676.80 -0.01 
1674.87 0.08 
1672.94 -0.03 
1671.02 0.03 
1669.09 0.02 
1667.16 -0.01 
1665.23 0.00 
1663.30 -0.04 
1661.37 -0.01 
1659.45 -0.01 
1657.52 0.00 
1655.59 -0.01 
1653.66 -0.01 
1651.73 0.19 
1649.80 -0.04 
1647.87 -0.00 
1645.95 -0.03 
1644.02 -0.04 
1642.09 0.00 
1640.16 -0.01 
1638.23 -0.02 
1636.30 -0.03 
1634.38 0.14 
1632.45 -0.02 
1630.52 -0.00 
1628.59 -0.01 
1626.66 0.03 
1624.73 -0.01 
1622.80 0.08 
1620.88 -0.01 
1618.95 0.00 
1617.02 -0.08 
1615.09 -0.02 
1613.16 -0.01 
1611.23 0.00 
1609.31 -0.00 
1607.38 -0.01 
1605.45 0.01 
1603.52 -0.00 
1601.59 -0.00 
1599.66 -0.01 
1597.73 -0.01 
1595.81 -0.00 
1593.88 0.01 
1591.95 -0.00 
1590.02 0.00 
1588.09 0.00 
1586.16 0.00 
1584.24 0.00 
1582.31 -0.01 
1580.38 0.00 
1578.45 -0.01 
1576.52 -0.05 
1574.59 -0.02 
1572.66 -0.01 
1570.74 -0.02 
1568.81 0.09 
1566.88 -0.01 
1564.95 -0.02 
1563.02 -0.01 
1561.09 -0.04 
1559.17 0.12 
1557.24 0.11 
1555.31 -0.06 
1553.38 0.10 
1551.45 -0.00 
1549.52 0.04 
1547.59 -0.01 
1545.67 -0.04 
1543.74 -0.01 
1541.81 0.02 
1539.88 -0.02 
1537.95 0.07 
1536.02 -0.03 
1534.10 -0.04 
1532.17 0.01 
1530.24 -0.00 
1528.31 0.00 
1526.38 0.02 
1524.45 0.06 
1522.52 -0.01 
1520.60 0.06 
1518.67 -0.04 
1516.74 0.05 
1514.81 -0.02 
1512.88 -0.04 
1510.95 0.01 
1509.03 0.01 
1507.10 -0.04 
1505.17 0.07 
1503.24 -0.03 
1501.31 -0.00 
1499.38 -0.04 
1497.45 0.01 
1495.53 0.11 
1493.60 -0.02 
1491.67 -0.01 
1489.74 0.03 
1487.81 -0.04 
1485.88 -0.01 
1483.96 0.00 
1482.03 -0.01 
1480.10 0.00 
1478.17 -0.00 
1476.24 -0.01 
1474.31 -0.05 
1472.38 0.01 
1470.46 -0.03 
1468.53 -0.02 
1466.60 -0.00 
1464.67 0.02 
1462.74 -0.03 
1460.81 -0.00 
1458.89 -0.02 
1456.96 -0.06 
1455.03 -0.05 
1453.10 -0.02 
1451.17 0.01 
1449.24 -0.00 
1447.31 0.06 
1445.39 -0.00 
1443.46 -0.00 
1441.53 -0.00 
1439.60 -0.00 
1437.67 -0.03 
1435.74 0.14 
1433.82 -0.02 
1431.89 0.00 
1429.96 -0.02 
1428.03 -0.02 
1426.10 -0.00 
1424.17 -0.02 
1422.24 -0.01 
1420.32 -0.03 
1418.39 0.13 
1416.46 0.01 
1414.53 -0.00 
1412.60 0.00 
1410.67 -0.00 
1408.74 -0.01 
1406.82 -0.00 
1404.89 0.00 
1402.96 -0.01 
1401.03 0.00 
1399.10 -0.00 
1397.17 -0.02 
1395.25 -0.00 
1393.32 0.04 
1391.39 -0.01 
1389.46 -0.00 
1387.53 -0.02 
1385.60 -0.02 
1383.67 0.01 
1381.75 0.01 
1379.82 -0.00 
1377.89 -0.01 
1375.96 -0.01 
1374.03 -0.00 
1372.10 0.00 
1370.18 -0.01 
1368.25 0.01 
1366.32 -0.00 
1364.39 0.00 
1362.46 0.05 
1360.53 0.02 
1358.60 -0.01 
1356.68 0.01 
1354.75 -0.01 
1352.82 -0.00 
1350.89 -0.00 
1348.96 0.00 
1347.03 0.00 
1345.11 -0.00 
1343.18 -0.01 
1341.25 -0.00 
1339.32 0.01 
1337.39 0.00 
1335.46 0.00 
1333.53 -0.00 
1331.61 -0.00 
1329.68 -0.00 
1327.75 -0.01 
1325.82 -0.00 
1323.89 -0.00 
1321.96 0.00 
1320.04 -0.01 
1318.11 0.01 
1316.18 0.00 
1314.25 0.01 
1312.32 0.01 
1310.39 0.00 
1308.46 -0.01 
1306.54 -0.01 
1304.61 -0.00 
1302.68 0.01 
1300.75 0.00 
1298.82 -0.00 
1296.89 0.00 
1294.97 -0.00 
1293.04 0.00 
1291.11 -0.00 
1289.18 0.01 
1287.25 0.00 
1285.32 -0.01 
1283.39 -0.01 
1281.47 -0.01 
1279.54 -0.00 
1277.61 -0.01 
1275.68 -0.01 
1273.75 0.01 
1271.82 -0.02 
1269.90 0.01 
1267.97 0.00 
1266.04 0.01 
1264.11 -0.00 
1262.18 -0.00 
1260.25 0.00 
1258.32 -0.01 
1256.40 -0.00 
1254.47 0.01 
1252.54 0.00 
1250.61 0.00 
1248.68 0.00 
1246.75 0.00 
1244.83 0.00 
1242.90 -0.00 
1240.97 0.01 
1239.04 -0.00 
1237.11 -0.01 
1235.18 0.01 
1233.25 -0.01 
1231.33 -0.00 
1229.40 0.00 
1227.47 0.00 
1225.54 -0.00 
1223.61 0.01 
1221.68 -0.01 
1219.76 -0.01 
1217.83 -0.00 
1215.90 -0.01 
1213.97 0.00 
1212.04 -0.00 
1210.11 -0.00 
1208.18 0.01 
1206.26 0.00 
1204.33 0.00 
1202.40 0.00 
1200.47 0.01 
1198.54 0.00 
1196.61 0.01 
1194.69 0.01 
1192.76 -0.01 
1190.83 -0.00 
1188.90 -0.01 
1186.97 0.01 
1185.04 0.00 
1183.11 0.00 
1181.19 0.01 
1179.26 0.00 
1177.33 0.00 
1175.40 -0.00 
1173.47 0.01 
1171.54 -0.00 
1169.62 0.00 
1167.69 -0.00 
1165.76 0.00 
1163.83 0.01 
1161.90 -0.01 
1159.97 -0.01 
1158.04 -0.01 
1156.12 0.00 
1154.19 0.02 
1152.26 0.00 
1150.33 0.01 
1148.40 0.00 
1146.47 0.00 
1144.55 -0.01 
1142.62 0.01 
1140.69 -0.01 
1138.76 -0.00 
1136.83 0.00 
1134.90 0.00 
1132.97 -0.01 
1131.05 0.01 
1129.12 0.00 
1127.19 -0.01 
1125.26 0.00 
1123.33 0.00 
1121.40 0.03 
1119.47 -0.02 
1117.55 0.01 
1115.62 -0.01 
1113.69 0.02 
1111.76 -0.01 
1109.83 0.00 
1107.90 -0.00 
1105.98 0.00 
1104.05 0.00 
1102.12 -0.00 
1100.19 0.01 
1098.26 -0.00 
1096.33 -0.01 
1094.40 -0.03 
1092.48 0.00 
1090.55 -0.00 
1088.62 0.01 
1086.69 0.01 
1084.76 -0.00 
1082.83 -0.01 
1080.91 -0.02 
1078.98 0.02 
1077.05 0.00 
1075.12 0.01 
1073.19 -0.03 
1071.26 -0.02 
1069.33 -0.01 
1067.41 -0.01 
1065.48 -0.00 
1063.55 0.01 
1061.62 0.04 
1059.69 -0.00 
1057.76 0.01 
1055.84 0.03 
1053.91 -0.00 
1051.98 -0.01 
1050.05 -0.01 
1048.12 0.01 
1046.19 0.02 
1044.26 0.02 
1042.34 -0.02 
1040.41 -0.01 
1038.48 -0.01 
1036.55 0.03 
1034.62 -0.00 
1032.69 0.02 
1030.77 -0.03 
1028.84 0.01 
1026.91 0.02 
1024.98 0.01 
1023.05 0.01 
1021.12 0.00 
1019.19 0.04 
1017.27 -0.01 
1015.34 0.01 
1013.41 0.02 
1011.48 -0.03 
1009.55 0.00 
1007.62 0.02 
1005.70 0.04 
1003.77 -0.05 
1001.84 0.04 
999.91 -0.01 
997.98 -0.02 
996.05 0.03 
994.12 -0.03 
992.20 0.02 
990.27 -0.00 
988.34 -0.00 
986.41 0.01 
984.48 -0.02 
982.55 0.01 
980.63 0.05 
978.70 0.02 
976.77 -0.00 
974.84 0.04 
972.91 0.02 
970.98 0.05 
969.05 0.04 
967.13 0.01 
965.20 0.03 
963.27 -0.05 
961.34 0.01 
959.41 0.02 
957.48 0.08 
955.56 -0.03 
953.63 0.00 
951.70 -0.05 
949.77 0.07 
947.84 0.06 
945.91 -0.00 
943.98 -0.00 
942.06 -0.13 
940.13 0.04 
938.20 -0.24 
936.27 0.07 
934.34 -0.06 
932.41 0.00 
930.49 -0.16 
928.56 0.13 
926.63 0.10 
924.70 0.02 
922.77 0.07 
920.84 0.08 
918.91 -0.01 
916.99 0.17 
915.06 -0.05 
913.13 -0.54 
911.20 -0.15 
909.27 -0.29 
907.34 0.15 
905.42 -0.39 
903.49 0.48 
901.56 -0.25 
899.63 0.28 
897.70 0.12 
895.77 -0.10 
893.84 -0.48 
891.92 -0.14 
889.99 -0.02 
888.06 0.27 
886.13 0.41 
884.20 -0.30 
882.27 0.73 
880.35 -0.45 
878.42 0.33 
876.49 0.16 
874.56 0.12 
872.63 0.43 
870.70 -0.00 
868.77 0.72 
866.85 0.63 
864.92 0.02 
862.99 0.50 
861.06 -0.56 
859.13 0.52 
857.20 0.76 
855.28 0.48 
853.35 -0.27 
851.42 -0.44 
849.49 -0.17 
847.56 -1.24 
845.63 -0.04 
843.70 -0.33 
841.78 0.11 
839.85 -0.33 
837.92 0.37 
835.99 0.06 
834.06 -0.02 
832.13 -0.35 
830.20 0.36 
828.28 -0.73 
826.35 -0.07 
824.42 -0.51 
822.49 1.18 
820.56 -0.34 
818.63 0.05 
816.71 0.13 
814.78 0.16 
812.85 -0.16 
810.92 0.09 
808.99 0.43 
807.06 -0.27 
805.13 0.01 
803.21 0.15 
801.28 -0.27 
799.35 -0.59 
797.42 0.28 
795.49 0.46 
793.56 -0.26 
791.64 -0.17 
789.71 0.20 
787.78 0.65 
785.85 0.72 
783.92 0.08 
781.99 -0.40 
780.06 0.24 
778.14 0.08 
776.21 0.47 
774.28 -0.34 
772.35 0.72 
770.42 1.01 
768.49 0.43 
766.57 0.72 
764.64 -0.09 
762.71 0.23 
760.78 0.45 
758.85 0.10 
756.92 -0.26 
754.99 0.42 
753.07 0.11 
751.14 -0.19 
749.21 0.17 
747.28 0.17 
745.35 -0.85 
743.42 -0.19 
741.50 0.73 
739.57 -0.81 
737.64 0.63 
735.71 -0.16 
733.78 0.77 
731.85 -0.28 
729.92 -0.47 
728.00 -0.56 
726.07 -0.04 
724.14 0.27 
722.21 -0.25 
720.28 -0.23 
718.35 0.10 
716.43 0.61 
714.50 0.46 
712.57 -0.75 
710.64 0.19 
708.71 -0.28 
706.78 0.03 
704.85 0.98 
702.93 0.44 
701.00 -0.53 
699.07 -0.07 
697.14 0.43 
695.21 -0.12 
693.28 -0.25 
691.36 -0.25 
689.43 -0.02 
687.50 0.22 
685.57 0.52 
683.64 -0.02 
681.71 0.27 
679.78 -0.51 
677.86 0.05 
675.93 0.25 
674.00 0.52 
672.07 -0.10 
670.14 0.15 
668.21 0.43 
666.29 -0.03 
664.36 -0.38 
662.43 0.06 
660.50 0.08 
658.57 0.56 
656.64 0.02 
654.71 -0.31 
652.79 -0.16 
650.86 -0.16 
648.93 -0.08 
647.00 -0.38 
645.07 -0.57 
643.14 -0.47 
641.22 0.03 
639.29 -1.40 
637.36 -0.17 
635.43 0.33 
633.50 -0.47 
631.57 0.19 
629.64 0.87 
627.72 0.21 
625.79 0.08 
623.86 1.48 
621.93 1.19 
620.00 -0.38 
618.07 0.86 
616.15 -0.09 
614.22 0.09 
612.29 -0.36 
610.36 -0.00 
608.43 -0.48 
606.50 -0.12 
604.57 0.73 
602.65 -0.67 
600.72 0.06 
