5999.46 -0.00 
5998.50 -0.01 
5997.53 0.02 
5996.57 0.01 
5995.60 -0.00 
5994.64 -0.00 
5993.67 -0.02 
5992.71 0.00 
5991.75 -0.00 
5990.78 0.00 
5989.82 0.01 
5988.85 -0.01 
5987.89 -0.00 
5986.93 0.01 
5985.96 -0.00 
5985.00 0.00 
5984.03 -0.00 
5983.07 -0.01 
5982.10 0.01 
5981.14 -0.01 
5980.18 0.00 
5979.21 0.01 
5978.25 -0.02 
5977.28 0.01 
5976.32 0.00 
5975.35 -0.01 
5974.39 0.02 
5973.43 -0.00 
5972.46 0.00 
5971.50 0.00 
5970.53 -0.01 
5969.57 0.01 
5968.60 -0.01 
5967.64 0.00 
5966.68 0.00 
5965.71 0.00 
5964.75 0.00 
5963.78 -0.00 
5962.82 -0.01 
5961.86 0.00 
5960.89 0.00 
5959.93 -0.00 
5958.96 -0.01 
5958.00 -0.00 
5957.03 -0.00 
5956.07 -0.00 
5955.11 -0.01 
5954.14 0.01 
5953.18 0.00 
5952.21 -0.00 
5951.25 0.01 
5950.28 -0.00 
5949.32 -0.00 
5948.36 -0.01 
5947.39 0.01 
5946.43 0.01 
5945.46 -0.00 
5944.50 -0.02 
5943.53 -0.00 
5942.57 0.02 
5941.61 -0.01 
5940.64 0.01 
5939.68 -0.01 
5938.71 0.00 
5937.75 -0.01 
5936.79 0.00 
5935.82 0.01 
5934.86 -0.01 
5933.89 -0.01 
5932.93 0.01 
5931.96 0.01 
5931.00 -0.00 
5930.04 -0.01 
5929.07 -0.01 
5928.11 0.02 
5927.14 0.00 
5926.18 -0.00 
5925.21 -0.01 
5924.25 -0.00 
5923.29 0.00 
5922.32 -0.02 
5921.36 0.00 
5920.39 0.03 
5919.43 -0.02 
5918.46 -0.00 
5917.50 -0.00 
5916.54 0.02 
5915.57 0.01 
5914.61 -0.01 
5913.64 0.00 
5912.68 0.01 
5911.71 -0.01 
5910.75 -0.01 
5909.79 -0.00 
5908.82 0.00 
5907.86 0.00 
5906.89 0.01 
5905.93 -0.00 
5904.97 0.01 
5904.00 -0.01 
5903.04 -0.00 
5902.07 0.00 
5901.11 0.02 
5900.14 -0.01 
5899.18 -0.01 
5898.22 0.01 
5897.25 0.01 
5896.29 0.01 
5895.32 -0.01 
5894.36 -0.02 
5893.39 0.01 
5892.43 -0.01 
5891.47 -0.01 
5890.50 0.00 
5889.54 -0.01 
5888.57 0.01 
5887.61 0.01 
5886.64 0.01 
5885.68 -0.00 
5884.72 -0.01 
5883.75 -0.02 
5882.79 0.01 
5881.82 0.00 
5880.86 -0.00 
5879.90 -0.00 
5878.93 0.01 
5877.97 0.01 
5877.00 -0.00 
5876.04 -0.01 
5875.07 -0.00 
5874.11 -0.00 
5873.15 0.01 
5872.18 0.00 
5871.22 -0.00 
5870.25 -0.02 
5869.29 0.03 
5868.32 -0.01 
5867.36 0.01 
5866.40 -0.01 
5865.43 0.00 
5864.47 0.00 
5863.50 0.02 
5862.54 -0.01 
5861.57 -0.01 
5860.61 0.02 
5859.65 -0.00 
5858.68 -0.02 
5857.72 0.00 
5856.75 0.02 
5855.79 -0.01 
5854.83 -0.01 
5853.86 0.02 
5852.90 -0.00 
5851.93 0.00 
5850.97 0.00 
5850.00 -0.02 
5849.04 -0.01 
5848.08 0.02 
5847.11 0.01 
5846.15 -0.01 
5845.18 -0.01 
5844.22 0.02 
5843.25 0.00 
5842.29 -0.01 
5841.33 0.00 
5840.36 0.01 
5839.40 -0.01 
5838.43 -0.00 
5837.47 0.01 
5836.50 0.01 
5835.54 -0.02 
5834.58 0.02 
5833.61 -0.01 
5832.65 -0.02 
5831.68 0.01 
5830.72 0.00 
5829.76 0.02 
5828.79 -0.00 
5827.83 -0.01 
5826.86 -0.00 
5825.90 -0.01 
5824.93 0.00 
5823.97 0.01 
5823.01 -0.00 
5822.04 0.00 
5821.08 -0.01 
5820.11 -0.01 
5819.15 0.01 
5818.18 -0.00 
5817.22 -0.00 
5816.26 0.01 
5815.29 0.01 
5814.33 -0.02 
5813.36 -0.01 
5812.40 0.02 
5811.43 -0.00 
5810.47 -0.01 
5809.51 -0.01 
5808.54 0.01 
5807.58 -0.01 
5806.61 0.00 
5805.65 -0.01 
5804.69 0.02 
5803.72 -0.01 
5802.76 -0.00 
5801.79 -0.01 
5800.83 0.00 
5799.86 -0.01 
5798.90 -0.00 
5797.94 0.02 
5796.97 -0.00 
5796.01 -0.01 
5795.04 0.01 
5794.08 0.01 
5793.11 -0.02 
5792.15 0.00 
5791.19 0.01 
5790.22 -0.00 
5789.26 -0.01 
5788.29 0.01 
5787.33 0.01 
5786.36 0.00 
5785.40 -0.02 
5784.44 0.02 
5783.47 -0.00 
5782.51 -0.01 
5781.54 0.00 
5780.58 0.01 
5779.61 -0.01 
5778.65 0.01 
5777.69 -0.00 
5776.72 -0.00 
5775.76 -0.01 
5774.79 0.01 
5773.83 -0.00 
5772.87 -0.00 
5771.90 -0.00 
5770.94 0.01 
5769.97 -0.02 
5769.01 0.00 
5768.04 0.01 
5767.08 -0.01 
5766.12 0.00 
5765.15 0.01 
5764.19 0.00 
5763.22 -0.02 
5762.26 -0.00 
5761.29 0.00 
5760.33 -0.01 
5759.37 0.01 
5758.40 0.01 
5757.44 -0.00 
5756.47 -0.00 
5755.51 -0.00 
5754.54 -0.00 
5753.58 -0.02 
5752.62 0.01 
5751.65 0.01 
5750.69 -0.01 
5749.72 0.00 
5748.76 -0.01 
5747.80 0.01 
5746.83 0.01 
5745.87 -0.00 
5744.90 0.00 
5743.94 -0.01 
5742.97 -0.00 
5742.01 -0.00 
5741.05 0.01 
5740.08 0.00 
5739.12 -0.00 
5738.15 -0.02 
5737.19 -0.00 
5736.22 0.01 
5735.26 0.01 
5734.30 -0.01 
5733.33 0.01 
5732.37 -0.01 
5731.40 0.01 
5730.44 -0.00 
5729.47 0.01 
5728.51 -0.02 
5727.55 0.00 
5726.58 0.01 
5725.62 -0.01 
5724.65 0.01 
5723.69 -0.00 
5722.73 0.01 
5721.76 -0.00 
5720.80 -0.01 
5719.83 0.00 
5718.87 -0.01 
5717.90 0.00 
5716.94 -0.00 
5715.98 0.01 
5715.01 -0.01 
5714.05 0.00 
5713.08 0.01 
5712.12 -0.01 
5711.15 0.00 
5710.19 -0.01 
5709.23 0.00 
5708.26 0.00 
5707.30 -0.01 
5706.33 0.01 
5705.37 -0.01 
5704.40 -0.01 
5703.44 0.01 
5702.48 0.00 
5701.51 -0.00 
5700.55 0.00 
5699.58 -0.01 
5698.62 -0.00 
5697.66 0.00 
5696.69 0.00 
5695.73 0.02 
5694.76 -0.02 
5693.80 -0.00 
5692.83 -0.00 
5691.87 0.01 
5690.91 -0.01 
5689.94 -0.01 
5688.98 0.00 
5688.01 0.00 
5687.05 0.01 
5686.08 0.00 
5685.12 -0.01 
5684.16 -0.01 
5683.19 -0.00 
5682.23 0.00 
5681.26 0.00 
5680.30 -0.00 
5679.33 0.00 
5678.37 0.01 
5677.41 -0.00 
5676.44 -0.02 
5675.48 0.02 
5674.51 0.00 
5673.55 -0.00 
5672.59 -0.01 
5671.62 -0.00 
5670.66 -0.00 
5669.69 0.01 
5668.73 -0.00 
5667.76 -0.00 
5666.80 0.00 
5665.84 0.01 
5664.87 -0.00 
5663.91 -0.03 
5662.94 -0.01 
5661.98 0.01 
5661.01 0.01 
5660.05 -0.01 
5659.09 0.00 
5658.12 -0.00 
5657.16 -0.01 
5656.19 0.00 
5655.23 0.01 
5654.26 0.01 
5653.30 -0.02 
5652.34 0.02 
5651.37 -0.00 
5650.41 0.00 
5649.44 -0.01 
5648.48 0.01 
5647.52 -0.00 
5646.55 0.01 
5645.59 -0.01 
5644.62 -0.01 
5643.66 0.00 
5642.69 -0.00 
5641.73 0.00 
5640.77 0.02 
5639.80 0.00 
5638.84 -0.01 
5637.87 -0.00 
5636.91 -0.00 
5635.94 0.01 
5634.98 -0.00 
5634.02 0.00 
5633.05 0.01 
5632.09 -0.00 
5631.12 -0.01 
5630.16 0.00 
5629.19 0.00 
5628.23 -0.00 
5627.27 -0.00 
5626.30 -0.00 
5625.34 0.00 
5624.37 0.02 
5623.41 -0.02 
5622.44 0.00 
5621.48 -0.00 
5620.52 0.00 
5619.55 -0.01 
5618.59 0.01 
5617.62 0.00 
5616.66 -0.01 
5615.70 0.00 
5614.73 0.01 
5613.77 -0.01 
5612.80 0.00 
5611.84 -0.00 
5610.87 -0.02 
5609.91 0.02 
5608.95 -0.00 
5607.98 -0.01 
5607.02 0.02 
5606.05 -0.00 
5605.09 -0.01 
5604.12 -0.00 
5603.16 0.00 
5602.20 0.01 
5601.23 0.00 
5600.27 -0.01 
5599.30 -0.00 
5598.34 0.00 
5597.37 0.01 
5596.41 -0.00 
5595.45 -0.01 
5594.48 0.01 
5593.52 0.00 
5592.55 -0.01 
5591.59 0.00 
5590.63 -0.00 
5589.66 0.00 
5588.70 -0.01 
5587.73 -0.00 
5586.77 0.00 
5585.80 0.01 
5584.84 -0.00 
5583.88 -0.00 
5582.91 -0.00 
5581.95 0.00 
5580.98 0.01 
5580.02 0.00 
5579.05 -0.02 
5578.09 0.01 
5577.13 -0.01 
5576.16 0.01 
5575.20 -0.01 
5574.23 0.01 
5573.27 -0.00 
5572.30 -0.00 
5571.34 0.01 
5570.38 0.00 
5569.41 0.01 
5568.45 -0.01 
5567.48 -0.02 
5566.52 0.00 
5565.56 0.02 
5564.59 -0.00 
5563.63 -0.01 
5562.66 -0.00 
5561.70 -0.00 
5560.73 0.01 
5559.77 0.01 
5558.81 -0.01 
5557.84 -0.01 
5556.88 0.00 
5555.91 -0.00 
5554.95 0.00 
5553.98 0.00 
5553.02 0.02 
5552.06 -0.00 
5551.09 -0.01 
5550.13 -0.00 
5549.16 0.01 
5548.20 0.00 
5547.23 0.01 
5546.27 0.01 
5545.31 -0.02 
5544.34 -0.00 
5543.38 -0.00 
5542.41 -0.00 
5541.45 0.02 
5540.49 -0.01 
5539.52 0.01 
5538.56 -0.00 
5537.59 0.01 
5536.63 0.02 
5535.66 -0.01 
5534.70 -0.00 
5533.74 -0.01 
5532.77 -0.00 
5531.81 -0.00 
5530.84 0.00 
5529.88 -0.00 
5528.91 -0.00 
5527.95 0.00 
5526.99 0.01 
5526.02 -0.00 
5525.06 -0.00 
5524.09 -0.01 
5523.13 -0.01 
5522.16 0.01 
5521.20 -0.01 
5520.24 0.01 
5519.27 -0.00 
5518.31 0.00 
5517.34 0.00 
5516.38 0.00 
5515.42 -0.01 
5514.45 -0.01 
5513.49 0.01 
5512.52 0.01 
5511.56 -0.00 
5510.59 -0.01 
5509.63 0.01 
5508.67 0.00 
5507.70 -0.01 
5506.74 0.01 
5505.77 0.01 
5504.81 -0.02 
5503.84 -0.00 
5502.88 0.01 
5501.92 -0.01 
5500.95 0.02 
5499.99 -0.00 
5499.02 0.01 
5498.06 -0.01 
5497.09 -0.00 
5496.13 -0.01 
5495.17 0.00 
5494.20 0.00 
5493.24 0.01 
5492.27 -0.00 
5491.31 -0.01 
5490.34 0.02 
5489.38 -0.02 
5488.42 0.01 
5487.45 0.01 
5486.49 -0.00 
5485.52 0.00 
5484.56 0.00 
5483.60 -0.01 
5482.63 0.02 
5481.67 -0.00 
5480.70 -0.00 
5479.74 0.00 
5478.77 -0.00 
5477.81 -0.01 
5476.85 -0.00 
5475.88 0.01 
5474.92 -0.00 
5473.95 0.00 
5472.99 0.00 
5472.02 -0.00 
5471.06 0.00 
5470.10 -0.01 
5469.13 -0.01 
5468.17 0.01 
5467.20 0.01 
5466.24 -0.01 
5465.27 -0.00 
5464.31 0.00 
5463.35 -0.00 
5462.38 0.01 
5461.42 0.01 
5460.45 -0.00 
5459.49 -0.01 
5458.53 -0.00 
5457.56 0.00 
5456.60 0.00 
5455.63 0.00 
5454.67 -0.01 
5453.70 0.01 
5452.74 -0.00 
5451.78 0.00 
5450.81 -0.00 
5449.85 0.00 
5448.88 -0.01 
5447.92 -0.01 
5446.95 -0.01 
5445.99 0.01 
5445.03 -0.00 
5444.06 -0.01 
5443.10 0.01 
5442.13 0.00 
5441.17 -0.01 
5440.20 0.01 
5439.24 -0.01 
5438.28 0.02 
5437.31 0.01 
5436.35 -0.02 
5435.38 -0.00 
5434.42 0.00 
5433.46 0.01 
5432.49 -0.00 
5431.53 -0.01 
5430.56 0.01 
5429.60 0.00 
5428.63 0.00 
5427.67 -0.02 
5426.71 0.00 
5425.74 0.01 
5424.78 -0.01 
5423.81 0.00 
5422.85 0.01 
5421.88 0.01 
5420.92 0.01 
5419.96 -0.00 
5418.99 -0.01 
5418.03 -0.00 
5417.06 0.02 
5416.10 -0.01 
5415.13 -0.00 
5414.17 0.01 
5413.21 -0.01 
5412.24 0.01 
5411.28 0.00 
5410.31 -0.01 
5409.35 -0.01 
5408.39 0.01 
5407.42 0.00 
5406.46 -0.00 
5405.49 0.00 
5404.53 0.00 
5403.56 -0.01 
5402.60 0.01 
5401.64 0.00 
5400.67 -0.01 
5399.71 -0.01 
5398.74 0.02 
5397.78 -0.00 
5396.81 0.00 
5395.85 -0.01 
5394.89 0.00 
5393.92 0.01 
5392.96 -0.01 
5391.99 0.00 
5391.03 -0.01 
5390.06 0.01 
5389.10 -0.00 
5388.14 0.00 
5387.17 -0.01 
5386.21 0.01 
5385.24 -0.00 
5384.28 -0.01 
5383.32 0.00 
5382.35 0.01 
5381.39 -0.01 
5380.42 -0.00 
5379.46 -0.01 
5378.49 0.00 
5377.53 0.02 
5376.57 -0.00 
5375.60 -0.01 
5374.64 0.00 
5373.67 0.01 
5372.71 -0.00 
5371.74 -0.01 
5370.78 -0.00 
5369.82 0.01 
5368.85 -0.00 
5367.89 0.00 
5366.92 -0.00 
5365.96 0.01 
5364.99 -0.00 
5364.03 0.00 
5363.07 0.00 
5362.10 -0.02 
5361.14 0.01 
5360.17 0.01 
5359.21 -0.01 
5358.24 -0.01 
5357.28 -0.00 
5356.32 0.00 
5355.35 0.00 
5354.39 0.00 
5353.42 0.00 
5352.46 0.01 
5351.50 -0.01 
5350.53 -0.00 
5349.57 0.00 
5348.60 0.00 
5347.64 0.01 
5346.67 0.00 
5345.71 0.01 
5344.75 0.00 
5343.78 -0.01 
5342.82 -0.00 
5341.85 -0.00 
5340.89 -0.01 
5339.92 -0.01 
5338.96 0.01 
5338.00 0.00 
5337.03 0.01 
5336.07 0.00 
5335.10 -0.00 
5334.14 -0.00 
5333.17 -0.01 
5332.21 -0.00 
5331.25 0.01 
5330.28 0.01 
5329.32 -0.01 
5328.35 0.00 
5327.39 0.01 
5326.43 -0.02 
5325.46 -0.00 
5324.50 0.00 
5323.53 0.00 
5322.57 -0.01 
5321.60 0.01 
5320.64 -0.00 
5319.68 -0.01 
5318.71 0.01 
5317.75 0.01 
5316.78 -0.00 
5315.82 -0.01 
5314.85 0.02 
5313.89 -0.01 
5312.93 -0.01 
5311.96 0.01 
5311.00 0.02 
5310.03 -0.01 
5309.07 -0.01 
5308.10 0.01 
5307.14 0.01 
5306.18 -0.01 
5305.21 -0.01 
5304.25 0.01 
5303.28 0.01 
5302.32 0.01 
5301.36 -0.01 
5300.39 0.00 
5299.43 0.01 
5298.46 -0.01 
5297.50 -0.02 
5296.53 0.00 
5295.57 0.01 
5294.61 0.00 
5293.64 -0.01 
5292.68 0.01 
5291.71 0.01 
5290.75 0.00 
5289.78 -0.01 
5288.82 0.01 
5287.86 -0.00 
5286.89 -0.02 
5285.93 -0.00 
5284.96 0.01 
5284.00 0.00 
5283.03 -0.01 
5282.07 -0.00 
5281.11 0.01 
5280.14 0.00 
5279.18 -0.01 
5278.21 0.00 
5277.25 0.00 
5276.29 -0.00 
5275.32 -0.00 
5274.36 -0.01 
5273.39 0.01 
5272.43 -0.01 
5271.46 0.00 
5270.50 0.00 
5269.54 0.00 
5268.57 -0.01 
5267.61 0.00 
5266.64 0.01 
5265.68 0.00 
5264.71 -0.01 
5263.75 0.01 
5262.79 -0.01 
5261.82 0.00 
5260.86 0.00 
5259.89 -0.00 
5258.93 -0.00 
5257.96 -0.00 
5257.00 0.00 
5256.04 -0.00 
5255.07 0.00 
5254.11 0.01 
5253.14 -0.01 
5252.18 0.00 
5251.22 -0.00 
5250.25 0.00 
5249.29 -0.00 
5248.32 0.01 
5247.36 -0.01 
5246.39 -0.00 
5245.43 -0.01 
5244.47 0.01 
5243.50 0.00 
5242.54 -0.00 
5241.57 0.00 
5240.61 -0.00 
5239.64 0.01 
5238.68 -0.02 
5237.72 0.01 
5236.75 0.00 
5235.79 0.00 
5234.82 -0.00 
5233.86 0.00 
5232.89 0.01 
5231.93 0.00 
5230.97 -0.01 
5230.00 0.00 
5229.04 0.01 
5228.07 -0.01 
5227.11 -0.01 
5226.15 0.00 
5225.18 -0.00 
5224.22 0.00 
5223.25 0.01 
5222.29 -0.01 
5221.32 -0.00 
5220.36 -0.00 
5219.40 0.00 
5218.43 0.01 
5217.47 0.01 
5216.50 -0.00 
5215.54 0.01 
5214.57 -0.00 
5213.61 -0.01 
5212.65 0.01 
5211.68 -0.00 
5210.72 0.00 
5209.75 -0.00 
5208.79 0.01 
5207.82 -0.00 
5206.86 0.01 
5205.90 -0.01 
5204.93 -0.01 
5203.97 -0.00 
5203.00 0.00 
5202.04 0.00 
5201.07 0.00 
5200.11 -0.01 
5199.15 0.00 
5198.18 -0.00 
5197.22 0.00 
5196.25 -0.00 
5195.29 -0.00 
5194.33 0.00 
5193.36 0.01 
5192.40 -0.01 
5191.43 0.00 
5190.47 -0.00 
5189.50 -0.00 
5188.54 0.00 
5187.58 0.01 
5186.61 -0.00 
5185.65 0.01 
5184.68 -0.00 
5183.72 -0.01 
5182.75 -0.00 
5181.79 -0.00 
5180.83 0.01 
5179.86 0.00 
5178.90 -0.00 
5177.93 -0.00 
5176.97 0.00 
5176.00 0.01 
5175.04 -0.01 
5174.08 -0.01 
5173.11 0.00 
5172.15 0.01 
5171.18 -0.00 
5170.22 -0.01 
5169.26 0.01 
5168.29 0.01 
5167.33 -0.01 
5166.36 -0.01 
5165.40 0.00 
5164.43 0.00 
5163.47 -0.01 
5162.51 0.01 
5161.54 -0.01 
5160.58 0.01 
5159.61 -0.01 
5158.65 -0.01 
5157.68 0.02 
5156.72 0.00 
5155.76 -0.02 
5154.79 0.01 
5153.83 0.00 
5152.86 -0.01 
5151.90 0.00 
5150.93 0.00 
5149.97 0.00 
5149.01 -0.00 
5148.04 -0.00 
5147.08 0.01 
5146.11 0.00 
5145.15 -0.00 
5144.19 0.00 
5143.22 -0.01 
5142.26 0.00 
5141.29 0.00 
5140.33 -0.01 
5139.36 0.01 
5138.40 -0.00 
5137.44 0.00 
5136.47 0.01 
5135.51 0.01 
5134.54 -0.01 
5133.58 0.00 
5132.61 0.00 
5131.65 0.00 
5130.69 -0.01 
5129.72 -0.01 
5128.76 -0.00 
5127.79 0.01 
5126.83 0.00 
5125.86 -0.01 
5124.90 0.01 
5123.94 0.01 
5122.97 -0.00 
5122.01 -0.01 
5121.04 -0.00 
5120.08 0.01 
5119.12 -0.01 
5118.15 0.01 
5117.19 0.01 
5116.22 -0.01 
5115.26 -0.00 
5114.29 -0.01 
5113.33 -0.00 
5112.37 0.00 
5111.40 0.01 
5110.44 -0.01 
5109.47 -0.01 
5108.51 0.00 
5107.54 0.02 
5106.58 -0.00 
5105.62 -0.02 
5104.65 0.01 
5103.69 -0.01 
5102.72 0.01 
5101.76 -0.00 
5100.79 -0.01 
5099.83 0.01 
5098.87 -0.00 
5097.90 0.00 
5096.94 -0.00 
5095.97 0.01 
5095.01 -0.01 
5094.05 0.00 
5093.08 -0.00 
5092.12 0.00 
5091.15 0.00 
5090.19 0.01 
5089.22 0.00 
5088.26 -0.01 
5087.30 0.00 
5086.33 -0.00 
5085.37 0.00 
5084.40 -0.01 
5083.44 0.01 
5082.47 -0.01 
5081.51 -0.01 
5080.55 0.01 
5079.58 0.01 
5078.62 0.01 
5077.65 -0.01 
5076.69 0.01 
5075.72 -0.01 
5074.76 -0.02 
5073.80 -0.00 
5072.83 0.03 
5071.87 -0.00 
5070.90 -0.00 
5069.94 -0.01 
5068.97 0.00 
5068.01 -0.00 
5067.05 -0.00 
5066.08 0.01 
5065.12 -0.00 
5064.15 -0.00 
5063.19 0.01 
5062.23 -0.00 
5061.26 -0.00 
5060.30 0.00 
5059.33 -0.01 
5058.37 -0.01 
5057.40 0.01 
5056.44 -0.00 
5055.48 -0.00 
5054.51 -0.01 
5053.55 0.01 
5052.58 0.01 
5051.62 0.00 
5050.65 0.00 
5049.69 -0.00 
5048.73 -0.01 
5047.76 0.00 
5046.80 -0.00 
5045.83 0.00 
5044.87 -0.01 
5043.90 0.00 
5042.94 0.00 
5041.98 0.01 
5041.01 -0.00 
5040.05 -0.01 
5039.08 -0.01 
5038.12 0.00 
5037.16 0.01 
5036.19 -0.00 
5035.23 0.00 
5034.26 -0.01 
5033.30 0.01 
5032.33 0.00 
5031.37 -0.01 
5030.41 -0.01 
5029.44 0.00 
5028.48 0.00 
5027.51 -0.00 
5026.55 -0.00 
5025.58 0.02 
5024.62 -0.01 
5023.66 -0.00 
5022.69 -0.00 
5021.73 0.00 
5020.76 0.00 
5019.80 -0.00 
5018.83 -0.01 
5017.87 -0.00 
5016.91 0.01 
5015.94 -0.00 
5014.98 -0.00 
5014.01 0.01 
5013.05 -0.00 
5012.09 -0.00 
5011.12 0.00 
5010.16 0.00 
5009.19 -0.01 
5008.23 0.00 
5007.26 0.02 
5006.30 -0.00 
5005.34 -0.01 
5004.37 0.00 
5003.41 0.00 
5002.44 -0.00 
5001.48 -0.01 
5000.51 -0.00 
4999.55 0.01 
4998.59 -0.01 
4997.62 0.01 
4996.66 -0.00 
4995.69 -0.01 
4994.73 0.01 
4993.76 -0.00 
4992.80 -0.00 
4991.84 -0.01 
4990.87 0.01 
4989.91 0.01 
4988.94 -0.01 
4987.98 0.00 
4987.02 0.00 
4986.05 -0.01 
4985.09 0.01 
4984.12 0.00 
4983.16 -0.00 
4982.19 0.01 
4981.23 -0.01 
4980.27 -0.01 
4979.30 0.01 
4978.34 -0.00 
4977.37 0.00 
4976.41 -0.00 
4975.44 -0.00 
4974.48 0.00 
4973.52 0.01 
4972.55 -0.00 
4971.59 -0.01 
4970.62 -0.01 
4969.66 0.00 
4968.69 0.01 
4967.73 0.00 
4966.77 0.00 
4965.80 0.00 
4964.84 0.00 
4963.87 -0.01 
4962.91 -0.00 
4961.95 0.00 
4960.98 0.01 
4960.02 -0.00 
4959.05 -0.01 
4958.09 -0.00 
4957.12 0.00 
4956.16 0.00 
4955.20 -0.00 
4954.23 0.01 
4953.27 0.01 
4952.30 -0.01 
4951.34 -0.00 
4950.37 0.01 
4949.41 -0.01 
4948.45 -0.01 
4947.48 0.01 
4946.52 -0.00 
4945.55 0.01 
4944.59 0.00 
4943.62 -0.01 
4942.66 0.00 
4941.70 -0.00 
4940.73 0.00 
4939.77 0.00 
4938.80 -0.01 
4937.84 0.00 
4936.88 0.01 
4935.91 0.00 
4934.95 -0.01 
4933.98 -0.00 
4933.02 -0.00 
4932.05 0.01 
4931.09 0.00 
4930.13 0.01 
4929.16 -0.01 
4928.20 0.00 
4927.23 0.01 
4926.27 0.01 
4925.30 -0.01 
4924.34 0.01 
4923.38 -0.00 
4922.41 -0.01 
4921.45 -0.00 
4920.48 0.01 
4919.52 0.00 
4918.55 0.00 
4917.59 -0.01 
4916.63 0.00 
4915.66 -0.00 
4914.70 0.00 
4913.73 -0.00 
4912.77 0.00 
4911.80 -0.00 
4910.84 0.00 
4909.88 0.00 
4908.91 -0.00 
4907.95 -0.01 
4906.98 0.01 
4906.02 -0.00 
4905.06 -0.01 
4904.09 0.01 
4903.13 0.01 
4902.16 -0.00 
4901.20 -0.01 
4900.23 0.00 
4899.27 0.01 
4898.31 -0.00 
4897.34 -0.01 
4896.38 0.01 
4895.41 -0.00 
4894.45 0.02 
4893.48 -0.00 
4892.52 -0.02 
4891.56 -0.00 
4890.59 0.01 
4889.63 -0.00 
4888.66 0.00 
4887.70 -0.00 
4886.73 -0.01 
4885.77 0.00 
4884.81 0.00 
4883.84 0.01 
4882.88 -0.01 
4881.91 0.00 
4880.95 -0.01 
4879.99 0.01 
4879.02 0.00 
4878.06 -0.00 
4877.09 0.00 
4876.13 -0.01 
4875.16 -0.00 
4874.20 0.01 
4873.24 -0.00 
4872.27 -0.01 
4871.31 -0.01 
4870.34 0.01 
4869.38 -0.00 
4868.41 0.01 
4867.45 0.00 
4866.49 -0.01 
4865.52 0.00 
4864.56 -0.00 
4863.59 -0.01 
4862.63 0.01 
4861.66 -0.01 
4860.70 0.01 
4859.74 0.00 
4858.77 0.00 
4857.81 -0.00 
4856.84 0.00 
4855.88 -0.01 
4854.92 0.01 
4853.95 -0.00 
4852.99 0.01 
4852.02 -0.00 
4851.06 0.00 
4850.09 -0.00 
4849.13 -0.00 
4848.17 -0.00 
4847.20 0.00 
4846.24 0.00 
4845.27 -0.00 
4844.31 -0.00 
4843.34 0.00 
4842.38 0.00 
4841.42 -0.00 
4840.45 -0.01 
4839.49 0.00 
4838.52 0.01 
4837.56 -0.00 
4836.59 0.00 
4835.63 -0.00 
4834.67 0.00 
4833.70 -0.00 
4832.74 0.01 
4831.77 0.00 
4830.81 -0.01 
4829.85 -0.00 
4828.88 0.00 
4827.92 -0.00 
4826.95 0.00 
4825.99 -0.00 
4825.02 -0.00 
4824.06 0.01 
4823.10 -0.00 
4822.13 -0.00 
4821.17 -0.00 
4820.20 -0.00 
4819.24 -0.01 
4818.27 -0.00 
4817.31 0.00 
4816.35 0.00 
4815.38 -0.00 
4814.42 0.00 
4813.45 -0.01 
4812.49 0.00 
4811.52 0.00 
4810.56 0.01 
4809.60 -0.02 
4808.63 0.01 
4807.67 0.00 
4806.70 0.00 
4805.74 -0.00 
4804.78 0.01 
4803.81 0.00 
4802.85 -0.01 
4801.88 -0.00 
4800.92 0.00 
4799.95 -0.00 
4798.99 -0.01 
4798.03 0.00 
4797.06 0.00 
4796.10 0.00 
4795.13 0.00 
4794.17 -0.01 
4793.20 0.01 
4792.24 -0.00 
4791.28 0.00 
4790.31 0.01 
4789.35 -0.01 
4788.38 -0.00 
4787.42 0.00 
4786.45 0.01 
4785.49 -0.01 
4784.53 0.01 
4783.56 0.00 
4782.60 -0.01 
4781.63 -0.00 
4780.67 0.01 
4779.70 -0.00 
4778.74 -0.00 
4777.78 0.00 
4776.81 -0.01 
4775.85 -0.00 
4774.88 0.01 
4773.92 0.00 
4772.96 -0.00 
4771.99 -0.01 
4771.03 0.01 
4770.06 -0.00 
4769.10 -0.01 
4768.13 0.00 
4767.17 0.01 
4766.21 0.00 
4765.24 0.00 
4764.28 -0.01 
4763.31 -0.01 
4762.35 0.00 
4761.38 0.00 
4760.42 -0.00 
4759.46 -0.00 
4758.49 0.00 
4757.53 0.00 
4756.56 0.00 
4755.60 0.01 
4754.63 -0.01 
4753.67 -0.00 
4752.71 -0.00 
4751.74 0.01 
4750.78 -0.00 
4749.81 0.00 
4748.85 0.01 
4747.89 -0.01 
4746.92 -0.01 
4745.96 0.00 
4744.99 0.00 
4744.03 0.00 
4743.06 -0.00 
4742.10 0.00 
4741.14 0.01 
4740.17 -0.01 
4739.21 0.00 
4738.24 -0.00 
4737.28 0.01 
4736.31 -0.01 
4735.35 0.00 
4734.39 -0.00 
4733.42 0.00 
4732.46 0.00 
4731.49 -0.00 
4730.53 0.00 
4729.56 -0.00 
4728.60 0.00 
4727.64 0.00 
4726.67 -0.00 
4725.71 -0.00 
4724.74 0.01 
4723.78 -0.01 
4722.82 0.01 
4721.85 -0.01 
4720.89 -0.01 
4719.92 0.01 
4718.96 -0.00 
4717.99 -0.00 
4717.03 0.01 
4716.07 0.02 
4715.10 -0.01 
4714.14 0.01 
4713.17 -0.01 
4712.21 -0.00 
4711.24 0.00 
4710.28 0.01 
4709.32 -0.01 
4708.35 0.00 
4707.39 0.00 
4706.42 -0.01 
4705.46 -0.00 
4704.49 -0.01 
4703.53 0.00 
4702.57 0.01 
4701.60 -0.01 
4700.64 0.00 
4699.67 -0.01 
4698.71 0.00 
4697.75 -0.00 
4696.78 0.00 
4695.82 -0.01 
4694.85 0.00 
4693.89 0.00 
4692.92 0.00 
4691.96 0.01 
4691.00 -0.01 
4690.03 0.01 
4689.07 -0.00 
4688.10 -0.01 
4687.14 -0.00 
4686.17 0.00 
4685.21 -0.01 
4684.25 0.01 
4683.28 0.01 
4682.32 -0.01 
4681.35 0.00 
4680.39 0.00 
4679.42 -0.01 
4678.46 -0.01 
4677.50 0.02 
4676.53 0.00 
4675.57 -0.01 
4674.60 -0.01 
4673.64 0.00 
4672.68 -0.01 
4671.71 0.01 
4670.75 0.00 
4669.78 -0.01 
4668.82 -0.00 
4667.85 0.01 
4666.89 -0.01 
4665.93 0.01 
4664.96 0.00 
4664.00 0.00 
4663.03 0.00 
4662.07 0.00 
4661.10 -0.00 
4660.14 -0.01 
4659.18 0.00 
4658.21 -0.01 
4657.25 0.01 
4656.28 0.00 
4655.32 -0.00 
4654.35 0.01 
4653.39 -0.01 
4652.43 -0.00 
4651.46 0.00 
4650.50 0.01 
4649.53 0.00 
4648.57 -0.00 
4647.60 -0.01 
4646.64 -0.01 
4645.68 0.01 
4644.71 0.01 
4643.75 -0.01 
4642.78 -0.00 
4641.82 -0.00 
4640.86 0.00 
4639.89 0.01 
4638.93 -0.01 
4637.96 -0.00 
4637.00 0.00 
4636.03 -0.00 
4635.07 0.01 
4634.11 -0.00 
4633.14 -0.00 
4632.18 0.00 
4631.21 -0.00 
4630.25 -0.00 
4629.28 -0.01 
4628.32 0.01 
4627.36 0.00 
4626.39 -0.00 
4625.43 -0.01 
4624.46 -0.00 
4623.50 0.01 
4622.53 -0.01 
4621.57 0.00 
4620.61 -0.00 
4619.64 0.01 
4618.68 0.00 
4617.71 -0.01 
4616.75 -0.01 
4615.79 0.00 
4614.82 0.01 
4613.86 -0.00 
4612.89 0.00 
4611.93 0.00 
4610.96 -0.00 
4610.00 -0.01 
4609.04 -0.00 
4608.07 0.01 
4607.11 0.01 
4606.14 0.00 
4605.18 0.00 
4604.21 0.00 
4603.25 -0.00 
4602.29 -0.01 
4601.32 -0.01 
4600.36 0.00 
4599.39 0.00 
4598.43 0.02 
4597.46 -0.01 
4596.50 0.00 
4595.54 0.00 
4594.57 -0.00 
4593.61 0.00 
4592.64 -0.00 
4591.68 0.01 
4590.72 -0.01 
4589.75 0.00 
4588.79 -0.00 
4587.82 0.01 
4586.86 0.00 
4585.89 -0.01 
4584.93 -0.00 
4583.97 0.00 
4583.00 0.01 
4582.04 0.00 
4581.07 -0.00 
4580.11 -0.00 
4579.14 0.00 
4578.18 0.00 
4577.22 -0.01 
4576.25 -0.00 
4575.29 -0.01 
4574.32 0.01 
4573.36 -0.00 
4572.39 -0.00 
4571.43 0.01 
4570.47 -0.00 
4569.50 -0.00 
4568.54 -0.00 
4567.57 -0.00 
4566.61 0.00 
4565.65 0.00 
4564.68 -0.00 
4563.72 -0.01 
4562.75 0.01 
4561.79 -0.00 
4560.82 0.00 
4559.86 0.00 
4558.90 0.00 
4557.93 0.01 
4556.97 -0.00 
4556.00 -0.00 
4555.04 0.00 
4554.07 -0.01 
4553.11 0.00 
4552.15 0.00 
4551.18 -0.01 
4550.22 -0.01 
4549.25 0.01 
4548.29 0.00 
4547.32 -0.00 
4546.36 -0.00 
4545.40 0.01 
4544.43 -0.01 
4543.47 0.00 
4542.50 0.00 
4541.54 0.01 
4540.58 0.00 
4539.61 -0.00 
4538.65 -0.01 
4537.68 -0.00 
4536.72 0.00 
4535.75 -0.00 
4534.79 0.00 
4533.83 0.00 
4532.86 -0.00 
4531.90 -0.00 
4530.93 0.01 
4529.97 -0.00 
4529.00 -0.01 
4528.04 0.00 
4527.08 0.00 
4526.11 0.00 
4525.15 -0.00 
4524.18 0.01 
4523.22 0.00 
4522.25 -0.00 
4521.29 -0.01 
4520.33 -0.00 
4519.36 0.01 
4518.40 -0.00 
4517.43 0.00 
4516.47 0.01 
4515.51 0.00 
4514.54 -0.00 
4513.58 -0.01 
4512.61 0.00 
4511.65 0.00 
4510.68 -0.00 
4509.72 0.00 
4508.76 -0.00 
4507.79 -0.00 
4506.83 -0.00 
4505.86 0.00 
4504.90 -0.01 
4503.93 -0.00 
4502.97 -0.00 
4502.01 0.00 
4501.04 0.00 
4500.08 0.00 
4499.11 -0.00 
4498.15 0.00 
4497.18 -0.00 
4496.22 0.00 
4495.26 -0.00 
4494.29 0.00 
4493.33 0.00 
4492.36 0.00 
4491.40 -0.01 
4490.43 0.00 
4489.47 0.01 
4488.51 0.00 
4487.54 -0.01 
4486.58 0.00 
4485.61 0.01 
4484.65 -0.01 
4483.69 -0.00 
4482.72 -0.01 
4481.76 -0.00 
4480.79 0.01 
4479.83 0.00 
4478.86 0.00 
4477.90 -0.00 
4476.94 -0.01 
4475.97 -0.01 
4475.01 0.00 
4474.04 0.01 
4473.08 -0.00 
4472.11 -0.00 
4471.15 -0.00 
4470.19 0.00 
4469.22 -0.00 
4468.26 -0.00 
4467.29 -0.01 
4466.33 0.00 
4465.36 0.00 
4464.40 0.00 
4463.44 -0.00 
4462.47 0.00 
4461.51 -0.00 
4460.54 0.00 
4459.58 0.00 
4458.62 -0.00 
4457.65 -0.00 
4456.69 -0.00 
4455.72 -0.00 
4454.76 -0.00 
4453.79 0.00 
4452.83 -0.00 
4451.87 -0.00 
4450.90 0.01 
4449.94 -0.01 
4448.97 -0.01 
4448.01 0.01 
4447.04 -0.01 
4446.08 0.00 
4445.12 0.00 
4444.15 0.00 
4443.19 -0.00 
4442.22 0.00 
4441.26 -0.00 
4440.29 0.00 
4439.33 0.00 
4438.37 0.00 
4437.40 -0.01 
4436.44 0.01 
4435.47 0.00 
4434.51 -0.00 
4433.55 -0.00 
4432.58 -0.00 
4431.62 0.00 
4430.65 0.01 
4429.69 -0.00 
4428.72 -0.00 
4427.76 0.01 
4426.80 -0.01 
4425.83 -0.01 
4424.87 -0.00 
4423.90 0.01 
4422.94 -0.00 
4421.97 -0.00 
4421.01 0.00 
4420.05 -0.01 
4419.08 -0.00 
4418.12 0.01 
4417.15 0.00 
4416.19 -0.00 
4415.22 -0.00 
4414.26 -0.00 
4413.30 -0.01 
4412.33 -0.01 
4411.37 0.01 
4410.40 0.01 
4409.44 0.01 
4408.48 0.00 
4407.51 -0.01 
4406.55 -0.00 
4405.58 0.00 
4404.62 0.00 
4403.65 -0.01 
4402.69 0.00 
4401.73 0.00 
4400.76 -0.01 
4399.80 0.00 
4398.83 0.00 
4397.87 0.01 
4396.90 0.00 
4395.94 -0.00 
4394.98 -0.01 
4394.01 -0.00 
4393.05 0.00 
4392.08 0.00 
4391.12 -0.00 
4390.15 -0.00 
4389.19 0.01 
4388.23 0.00 
4387.26 -0.00 
4386.30 -0.01 
4385.33 0.01 
4384.37 0.00 
4383.41 -0.00 
4382.44 0.00 
4381.48 -0.00 
4380.51 0.00 
4379.55 -0.00 
4378.58 -0.00 
4377.62 0.00 
4376.66 0.01 
4375.69 -0.01 
4374.73 -0.00 
4373.76 0.01 
4372.80 -0.01 
4371.83 0.00 
4370.87 -0.00 
4369.91 0.00 
4368.94 0.00 
4367.98 -0.01 
4367.01 0.00 
4366.05 0.01 
4365.08 0.00 
4364.12 0.00 
4363.16 0.00 
4362.19 -0.00 
4361.23 -0.01 
4360.26 0.01 
4359.30 0.00 
4358.33 -0.01 
4357.37 0.01 
4356.41 -0.00 
4355.44 -0.00 
4354.48 0.00 
4353.51 -0.01 
4352.55 0.00 
4351.59 -0.00 
4350.62 -0.00 
4349.66 0.01 
4348.69 0.00 
4347.73 -0.01 
4346.76 0.00 
4345.80 0.00 
4344.84 -0.01 
4343.87 0.01 
4342.91 0.00 
4341.94 -0.00 
4340.98 -0.00 
4340.01 -0.01 
4339.05 0.01 
4338.09 -0.00 
4337.12 -0.00 
4336.16 0.01 
4335.19 -0.00 
4334.23 -0.01 
4333.26 -0.01 
4332.30 0.00 
4331.34 0.00 
4330.37 -0.01 
4329.41 0.00 
4328.44 0.00 
4327.48 0.01 
4326.52 -0.01 
4325.55 0.00 
4324.59 -0.02 
4323.62 0.02 
4322.66 0.00 
4321.69 -0.02 
4320.73 0.02 
4319.77 -0.03 
4318.80 0.02 
4317.84 0.00 
4316.87 -0.03 
4315.91 0.05 
4314.94 -0.03 
4313.98 -0.01 
4313.02 0.04 
4312.05 -0.06 
4311.09 0.04 
4310.12 0.01 
4309.16 -0.07 
4308.19 0.07 
4307.23 -0.01 
4306.27 -0.07 
4305.30 0.07 
4304.34 -0.02 
4303.37 -0.07 
4302.41 0.09 
4301.45 -0.02 
4300.48 -0.07 
4299.52 0.09 
4298.55 -0.01 
4297.59 -0.10 
4296.62 0.11 
4295.66 0.01 
4294.70 -0.11 
4293.73 0.08 
4292.77 0.04 
4291.80 -0.08 
4290.84 0.02 
4289.87 0.06 
4288.91 -0.04 
4287.95 -0.07 
4286.98 0.09 
4286.02 -0.00 
4285.05 -0.11 
4284.09 0.09 
4283.12 0.02 
4282.16 -0.07 
4281.20 -0.02 
4280.23 0.09 
4279.27 -0.00 
4278.30 -0.10 
4277.34 0.09 
4276.38 0.03 
4275.41 -0.04 
4274.45 -0.07 
4273.48 0.10 
4272.52 0.00 
4271.55 -0.06 
4270.59 0.00 
4269.63 0.06 
4268.66 0.00 
4267.70 -0.06 
4266.73 0.04 
4265.77 0.03 
4264.80 -0.00 
4263.84 -0.04 
4262.88 0.04 
4261.91 0.02 
4260.95 0.00 
4259.98 -0.00 
4259.02 -0.01 
4258.05 0.00 
4257.09 -0.00 
4256.13 -0.04 
4255.16 0.03 
4254.20 0.02 
4253.23 -0.01 
4252.27 -0.07 
4251.31 0.06 
4250.34 0.02 
4249.38 -0.01 
4248.41 -0.07 
4247.45 0.06 
4246.48 0.03 
4245.52 -0.01 
4244.56 -0.07 
4243.59 0.01 
4242.63 0.05 
4241.66 0.00 
4240.70 -0.04 
4239.73 -0.05 
4238.77 0.09 
4237.81 0.00 
4236.84 -0.01 
4235.88 -0.10 
4234.91 0.09 
4233.95 0.02 
4232.98 -0.00 
4232.02 -0.07 
4231.06 0.01 
4230.09 0.07 
4229.13 -0.00 
4228.16 -0.02 
4227.20 -0.09 
4226.23 0.10 
4225.27 0.01 
4224.31 -0.01 
4223.34 -0.06 
4222.38 0.01 
4221.41 0.06 
4220.45 0.01 
4219.49 -0.01 
4218.52 -0.09 
4217.56 0.07 
4216.59 0.02 
4215.63 0.00 
4214.66 -0.02 
4213.70 -0.07 
4212.74 0.08 
4211.77 0.00 
4210.81 -0.00 
4209.84 -0.04 
4208.88 -0.02 
4207.91 0.06 
4206.95 0.01 
4205.99 -0.01 
4205.02 -0.04 
4204.06 0.01 
4203.09 0.04 
4202.13 -0.00 
4201.16 0.00 
4200.20 -0.05 
4199.24 0.01 
4198.27 0.04 
4197.31 -0.00 
4196.34 0.00 
4195.38 -0.04 
4194.42 0.02 
4193.45 0.02 
4192.49 0.00 
4191.52 0.00 
4190.56 -0.04 
4189.59 0.01 
4188.63 0.02 
4187.67 0.00 
4186.70 0.00 
4185.74 -0.01 
4184.77 -0.01 
4183.81 0.03 
4182.84 -0.01 
4181.88 0.00 
4180.92 -0.01 
4179.95 -0.02 
4178.99 0.03 
4178.02 0.01 
4177.06 -0.01 
4176.09 -0.00 
4175.13 -0.02 
4174.17 0.01 
4173.20 0.01 
4172.24 0.01 
4171.27 -0.00 
4170.31 -0.02 
4169.35 0.00 
4168.38 0.01 
4167.42 0.00 
4166.45 -0.00 
4165.49 -0.00 
4164.52 -0.01 
4163.56 0.01 
4162.60 -0.01 
4161.63 0.01 
4160.67 -0.01 
4159.70 -0.01 
4158.74 0.00 
4157.77 0.01 
4156.81 0.00 
4155.85 -0.00 
4154.88 0.01 
4153.92 -0.01 
4152.95 0.00 
4151.99 -0.00 
4151.02 -0.01 
4150.06 0.00 
4149.10 -0.00 
4148.13 -0.01 
4147.17 0.01 
4146.20 0.01 
4145.24 0.01 
4144.28 0.00 
4143.31 0.00 
4142.35 0.00 
4141.38 -0.01 
4140.42 -0.01 
4139.45 0.00 
4138.49 0.00 
4137.53 0.00 
4136.56 0.00 
4135.60 -0.01 
4134.63 0.01 
4133.67 -0.00 
4132.70 -0.00 
4131.74 -0.01 
4130.78 0.00 
4129.81 0.00 
4128.85 0.01 
4127.88 -0.00 
4126.92 -0.01 
4125.95 0.01 
4124.99 -0.00 
4124.03 0.00 
4123.06 0.00 
4122.10 -0.01 
4121.13 -0.01 
4120.17 0.01 
4119.21 0.00 
4118.24 -0.00 
4117.28 0.00 
4116.31 0.00 
4115.35 0.00 
4114.38 -0.00 
4113.42 0.00 
4112.46 -0.00 
4111.49 -0.00 
4110.53 0.01 
4109.56 -0.01 
4108.60 0.00 
4107.63 0.00 
4106.67 -0.00 
4105.71 -0.00 
4104.74 -0.01 
4103.78 0.00 
4102.81 -0.00 
4101.85 -0.01 
4100.88 0.01 
4099.92 0.00 
4098.96 0.00 
4097.99 -0.01 
4097.03 -0.00 
4096.06 0.01 
4095.10 -0.00 
4094.14 -0.00 
4093.17 -0.00 
4092.21 0.00 
4091.24 0.01 
4090.28 -0.00 
4089.31 -0.00 
4088.35 0.00 
4087.39 -0.01 
4086.42 0.00 
4085.46 -0.00 
4084.49 0.00 
4083.53 -0.00 
4082.56 0.00 
4081.60 -0.00 
4080.64 0.01 
4079.67 -0.01 
4078.71 0.00 
4077.74 0.01 
4076.78 -0.01 
4075.81 -0.00 
4074.85 0.00 
4073.89 0.01 
4072.92 -0.00 
4071.96 0.00 
4070.99 0.00 
4070.03 -0.00 
4069.06 0.00 
4068.10 -0.00 
4067.14 -0.00 
4066.17 -0.00 
4065.21 -0.00 
4064.24 0.01 
4063.28 0.00 
4062.32 -0.00 
4061.35 0.01 
4060.39 0.00 
4059.42 -0.01 
4058.46 0.00 
4057.49 -0.00 
4056.53 -0.01 
4055.57 0.00 
4054.60 0.00 
4053.64 0.00 
4052.67 -0.00 
4051.71 -0.00 
4050.74 0.01 
4049.78 -0.00 
4048.82 -0.01 
4047.85 0.00 
4046.89 0.01 
4045.92 -0.00 
4044.96 -0.00 
4043.99 0.01 
4043.03 -0.01 
4042.07 -0.00 
4041.10 0.00 
4040.14 0.00 
4039.17 -0.00 
4038.21 0.00 
4037.25 0.00 
4036.28 -0.00 
4035.32 0.00 
4034.35 -0.00 
4033.39 -0.01 
4032.42 0.01 
4031.46 0.00 
4030.50 0.00 
4029.53 -0.01 
4028.57 -0.00 
4027.60 0.01 
4026.64 -0.01 
4025.67 0.00 
4024.71 0.00 
4023.75 -0.00 
4022.78 -0.00 
4021.82 0.00 
4020.85 -0.00 
4019.89 -0.01 
4018.92 0.00 
4017.96 -0.00 
4017.00 0.00 
4016.03 -0.00 
4015.07 0.00 
4014.10 0.00 
4013.14 -0.01 
4012.18 -0.00 
4011.21 0.00 
4010.25 -0.00 
4009.28 -0.00 
4008.32 0.00 
4007.35 -0.00 
4006.39 0.01 
4005.43 0.00 
4004.46 -0.00 
4003.50 0.01 
4002.53 -0.01 
4001.57 -0.00 
4000.60 0.00 
3999.64 0.00 
3998.68 -0.00 
3997.71 0.00 
3996.75 -0.00 
3995.78 -0.00 
3994.82 0.00 
3993.85 0.00 
3992.89 -0.00 
3991.93 0.00 
3990.96 0.00 
3990.00 -0.00 
3989.03 -0.00 
3988.07 -0.00 
3987.11 0.00 
3986.14 0.01 
3985.18 -0.00 
3984.21 -0.01 
3983.25 0.00 
3982.28 0.00 
3981.32 -0.01 
3980.36 -0.00 
3979.39 0.00 
3978.43 0.01 
3977.46 -0.00 
3976.50 -0.00 
3975.53 -0.00 
3974.57 0.00 
3973.61 0.00 
3972.64 0.00 
3971.68 -0.00 
3970.71 -0.00 
3969.75 0.00 
3968.78 0.00 
3967.82 -0.00 
3966.86 -0.01 
3965.89 0.00 
3964.93 0.00 
3963.96 -0.00 
3963.00 0.01 
3962.04 -0.00 
3961.07 -0.00 
3960.11 0.00 
3959.14 -0.00 
3958.18 -0.00 
3957.21 -0.00 
3956.25 0.00 
3955.29 0.00 
3954.32 -0.00 
3953.36 -0.00 
3952.39 0.00 
3951.43 -0.00 
3950.46 0.00 
3949.50 -0.00 
3948.54 0.00 
3947.57 0.00 
3946.61 0.00 
3945.64 -0.01 
3944.68 0.00 
3943.71 0.00 
3942.75 0.01 
3941.79 -0.01 
3940.82 -0.00 
3939.86 0.00 
3938.89 0.00 
3937.93 -0.00 
3936.96 -0.00 
3936.00 0.01 
3935.04 -0.00 
3934.07 0.01 
3933.11 0.00 
3932.14 0.00 
3931.18 -0.00 
3930.22 -0.00 
3929.25 -0.00 
3928.29 -0.00 
3927.32 0.00 
3926.36 0.00 
3925.39 0.01 
3924.43 -0.00 
3923.47 -0.00 
3922.50 0.00 
3921.54 0.00 
3920.57 0.00 
3919.61 0.00 
3918.64 -0.01 
3917.68 0.01 
3916.72 -0.01 
3915.75 0.00 
3914.79 0.00 
3913.82 -0.01 
3912.86 -0.01 
3911.89 0.00 
3910.93 -0.00 
3909.97 0.00 
3909.00 -0.00 
3908.04 -0.00 
3907.07 0.01 
3906.11 0.01 
3905.15 -0.00 
3904.18 0.02 
3903.22 -0.02 
3902.25 0.02 
3901.29 -0.02 
3900.32 0.00 
3899.36 0.02 
3898.40 -0.03 
3897.43 -0.01 
3896.47 -0.00 
3895.50 -0.00 
3894.54 0.00 
3893.57 0.01 
3892.61 -0.00 
3891.65 0.02 
3890.68 -0.02 
3889.72 -0.01 
3888.75 0.00 
3887.79 -0.01 
3886.82 0.01 
3885.86 0.03 
3884.90 -0.03 
3883.93 0.00 
3882.97 -0.00 
3882.00 -0.00 
3881.04 0.01 
3880.08 0.01 
3879.11 -0.02 
3878.15 -0.01 
3877.18 0.00 
3876.22 -0.00 
3875.25 0.00 
3874.29 0.02 
3873.33 -0.03 
3872.36 0.01 
3871.40 0.01 
3870.43 0.02 
3869.47 -0.00 
3868.50 -0.02 
3867.54 -0.00 
3866.58 0.00 
3865.61 0.02 
3864.65 -0.00 
3863.68 -0.02 
3862.72 0.01 
3861.75 0.02 
3860.79 -0.02 
3859.83 0.00 
3858.86 -0.01 
3857.90 0.01 
3856.93 -0.00 
3855.97 -0.01 
3855.01 0.04 
3854.04 0.05 
3853.08 -0.04 
3852.11 0.03 
3851.15 -0.04 
3850.18 0.01 
3849.22 -0.01 
3848.26 -0.01 
3847.29 0.00 
3846.33 -0.00 
3845.36 -0.00 
3844.40 0.01 
3843.43 0.01 
3842.47 -0.02 
3841.51 0.02 
3840.54 0.01 
3839.58 -0.01 
3838.61 0.02 
3837.65 0.01 
3836.68 -0.03 
3835.72 0.01 
3834.76 0.00 
3833.79 -0.02 
3832.83 0.00 
3831.86 0.03 
3830.90 -0.02 
3829.94 -0.01 
3828.97 -0.00 
3828.01 0.01 
3827.04 0.01 
3826.08 -0.01 
3825.11 -0.00 
3824.15 -0.00 
3823.19 0.00 
3822.22 0.03 
3821.26 0.02 
3820.29 -0.02 
3819.33 -0.01 
3818.36 -0.01 
3817.40 0.00 
3816.44 0.04 
3815.47 -0.05 
3814.51 -0.00 
3813.54 0.01 
3812.58 -0.01 
3811.61 -0.01 
3810.65 0.00 
3809.69 -0.00 
3808.72 0.00 
3807.76 0.02 
3806.79 0.02 
3805.83 -0.02 
3804.86 -0.00 
3803.90 -0.00 
3802.94 0.01 
3801.97 0.03 
3801.01 -0.02 
3800.04 -0.01 
3799.08 -0.00 
3798.12 -0.00 
3797.15 0.00 
3796.19 0.01 
3795.22 -0.02 
3794.26 -0.00 
3793.29 0.00 
3792.33 0.00 
3791.37 0.00 
3790.40 -0.01 
3789.44 0.00 
3788.47 -0.00 
3787.51 0.01 
3786.54 -0.00 
3785.58 -0.01 
3784.62 0.00 
3783.65 -0.00 
3782.69 -0.00 
3781.72 0.01 
3780.76 -0.00 
3779.79 0.01 
3778.83 -0.01 
3777.87 -0.00 
3776.90 -0.01 
3775.94 0.00 
3774.97 0.00 
3774.01 -0.00 
3773.05 -0.00 
3772.08 0.00 
3771.12 0.00 
3770.15 0.03 
3769.19 -0.02 
3768.22 -0.01 
3767.26 0.00 
3766.30 0.01 
3765.33 -0.01 
3764.37 -0.00 
3763.40 -0.00 
3762.44 -0.00 
3761.47 -0.00 
3760.51 0.01 
3759.55 0.01 
3758.58 -0.01 
3757.62 0.00 
3756.65 0.01 
3755.69 -0.01 
3754.72 -0.00 
3753.76 0.00 
3752.80 0.03 
3751.83 -0.01 
3750.87 -0.01 
3749.90 0.05 
3748.94 -0.04 
3747.98 -0.01 
3747.01 -0.01 
3746.05 0.01 
3745.08 0.06 
3744.12 -0.03 
3743.15 -0.03 
3742.19 0.00 
3741.23 -0.00 
3740.26 -0.01 
3739.30 -0.00 
3738.33 0.01 
3737.37 0.01 
3736.40 0.00 
3735.44 0.01 
3734.48 -0.01 
3733.51 -0.02 
3732.55 0.03 
3731.58 -0.02 
3730.62 -0.01 
3729.65 -0.00 
3728.69 0.00 
3727.73 0.00 
3726.76 0.02 
3725.80 -0.01 
3724.83 0.00 
3723.87 -0.01 
3722.91 0.01 
3721.94 0.00 
3720.98 -0.02 
3720.01 0.00 
3719.05 0.01 
3718.08 -0.01 
3717.12 0.00 
3716.16 0.01 
3715.19 0.01 
3714.23 -0.01 
3713.26 0.01 
3712.30 0.04 
3711.33 -0.03 
3710.37 0.00 
3709.41 0.02 
3708.44 -0.03 
3707.48 -0.00 
3706.51 0.00 
3705.55 0.00 
3704.58 -0.00 
3703.62 -0.00 
3702.66 0.01 
3701.69 0.01 
3700.73 -0.02 
3699.76 0.00 
3698.80 0.00 
3697.84 -0.01 
3696.87 0.01 
3695.91 -0.00 
3694.94 -0.00 
3693.98 0.00 
3693.01 0.00 
3692.05 0.01 
3691.09 0.02 
3690.12 -0.01 
3689.16 0.02 
3688.19 -0.00 
3687.23 -0.02 
3686.26 0.00 
3685.30 -0.00 
3684.34 -0.01 
3683.37 -0.00 
3682.41 -0.00 
3681.44 0.00 
3680.48 -0.01 
3679.51 0.02 
3678.55 -0.01 
3677.59 0.01 
3676.62 0.02 
3675.66 0.02 
3674.69 -0.02 
3673.73 -0.02 
3672.77 0.00 
3671.80 0.00 
3670.84 0.03 
3669.87 -0.03 
3668.91 0.02 
3667.94 -0.03 
3666.98 -0.00 
3666.02 0.00 
3665.05 -0.01 
3664.09 0.00 
3663.12 0.00 
3662.16 -0.00 
3661.19 -0.00 
3660.23 0.01 
3659.27 -0.00 
3658.30 -0.00 
3657.34 0.01 
3656.37 0.02 
3655.41 -0.03 
3654.44 0.00 
3653.48 0.00 
3652.52 -0.00 
3651.55 0.02 
3650.59 -0.00 
3649.62 0.02 
3648.66 -0.03 
3647.69 0.02 
3646.73 -0.01 
3645.77 -0.01 
3644.80 -0.01 
3643.84 -0.01 
3642.87 -0.00 
3641.91 0.00 
3640.95 0.00 
3639.98 0.01 
3639.02 0.00 
3638.05 -0.00 
3637.09 -0.00 
3636.12 -0.01 
3635.16 -0.00 
3634.20 0.02 
3633.23 -0.01 
3632.27 -0.00 
3631.30 0.00 
3630.34 0.02 
3629.37 0.02 
3628.41 -0.01 
3627.45 -0.03 
3626.48 0.00 
3625.52 -0.01 
3624.55 0.00 
3623.59 -0.00 
3622.62 -0.00 
3621.66 0.01 
3620.70 0.00 
3619.73 0.02 
3618.77 -0.03 
3617.80 0.02 
3616.84 -0.01 
3615.88 -0.00 
3614.91 0.01 
3613.95 -0.00 
3612.98 0.01 
3612.02 -0.01 
3611.05 -0.00 
3610.09 0.01 
3609.13 0.01 
3608.16 -0.02 
3607.20 0.02 
3606.23 -0.02 
3605.27 -0.00 
3604.30 -0.00 
3603.34 0.01 
3602.38 -0.01 
3601.41 0.00 
3600.45 -0.00 
3599.48 -0.00 
3598.52 -0.00 
3597.55 0.00 
3596.59 0.01 
3595.63 0.00 
3594.66 -0.01 
3593.70 0.01 
3592.73 -0.01 
3591.77 0.00 
3590.81 -0.00 
3589.84 -0.00 
3588.88 0.02 
3587.91 -0.01 
3586.95 0.02 
3585.98 -0.02 
3585.02 -0.00 
3584.06 -0.00 
3583.09 -0.01 
3582.13 0.00 
3581.16 0.00 
3580.20 0.00 
3579.23 -0.00 
3578.27 0.00 
3577.31 0.01 
3576.34 -0.01 
3575.38 0.00 
3574.41 -0.00 
3573.45 -0.01 
3572.48 0.00 
3571.52 0.00 
3570.56 0.00 
3569.59 -0.00 
3568.63 0.02 
3567.66 0.00 
3566.70 0.00 
3565.74 -0.00 
3564.77 -0.01 
3563.81 -0.00 
3562.84 -0.00 
3561.88 -0.01 
3560.91 0.01 
3559.95 0.01 
3558.99 -0.01 
3558.02 -0.00 
3557.06 0.01 
3556.09 -0.00 
3555.13 -0.00 
3554.16 -0.00 
3553.20 -0.00 
3552.24 0.01 
3551.27 -0.00 
3550.31 -0.01 
3549.34 -0.00 
3548.38 0.00 
3547.41 0.01 
3546.45 -0.00 
3545.49 0.00 
3544.52 -0.01 
3543.56 -0.00 
3542.59 0.01 
3541.63 0.00 
3540.67 -0.00 
3539.70 0.00 
3538.74 -0.00 
3537.77 0.00 
3536.81 0.00 
3535.84 -0.00 
3534.88 0.00 
3533.92 0.00 
3532.95 -0.00 
3531.99 -0.00 
3531.02 0.00 
3530.06 -0.01 
3529.09 0.00 
3528.13 -0.00 
3527.17 0.01 
3526.20 0.00 
3525.24 0.00 
3524.27 -0.00 
3523.31 0.00 
3522.34 -0.00 
3521.38 -0.00 
3520.42 -0.01 
3519.45 0.00 
3518.49 -0.00 
3517.52 -0.00 
3516.56 0.01 
3515.59 -0.01 
3514.63 0.00 
3513.67 -0.01 
3512.70 0.00 
3511.74 0.00 
3510.77 0.00 
3509.81 0.00 
3508.85 -0.01 
3507.88 -0.00 
3506.92 -0.00 
3505.95 -0.00 
3504.99 0.00 
3504.02 0.01 
3503.06 0.00 
3502.10 -0.00 
3501.13 -0.01 
3500.17 0.00 
3499.20 0.00 
3498.24 0.00 
3497.27 0.01 
3496.31 -0.00 
3495.35 -0.01 
3494.38 -0.00 
3493.42 0.00 
3492.45 -0.00 
3491.49 -0.00 
3490.52 0.01 
3489.56 -0.01 
3488.60 0.00 
3487.63 -0.00 
3486.67 -0.00 
3485.70 -0.00 
3484.74 0.01 
3483.78 0.00 
3482.81 0.00 
3481.85 -0.01 
3480.88 0.00 
3479.92 -0.01 
3478.95 0.00 
3477.99 0.01 
3477.03 -0.00 
3476.06 -0.00 
3475.10 0.00 
3474.13 -0.01 
3473.17 0.00 
3472.20 -0.00 
3471.24 0.00 
3470.28 -0.00 
3469.31 0.01 
3468.35 -0.00 
3467.38 0.00 
3466.42 0.00 
3465.45 -0.00 
3464.49 -0.00 
3463.53 -0.00 
3462.56 0.00 
3461.60 -0.00 
3460.63 -0.00 
3459.67 -0.00 
3458.71 0.00 
3457.74 0.00 
3456.78 -0.00 
3455.81 0.00 
3454.85 0.00 
3453.88 -0.00 
3452.92 -0.00 
3451.96 0.00 
3450.99 -0.00 
3450.03 -0.00 
3449.06 0.01 
3448.10 0.00 
3447.13 -0.00 
3446.17 -0.01 
3445.21 -0.00 
3444.24 -0.00 
3443.28 0.00 
3442.31 0.00 
3441.35 0.01 
3440.38 0.00 
3439.42 -0.00 
3438.46 -0.00 
3437.49 0.00 
3436.53 0.00 
3435.56 -0.00 
3434.60 0.01 
3433.64 -0.01 
3432.67 -0.00 
3431.71 0.00 
3430.74 0.00 
3429.78 -0.00 
3428.81 0.01 
3427.85 -0.00 
3426.89 -0.00 
3425.92 0.01 
3424.96 0.00 
3423.99 -0.01 
3423.03 -0.00 
3422.06 0.01 
3421.10 0.00 
3420.14 -0.01 
3419.17 0.00 
3418.21 -0.00 
3417.24 -0.00 
3416.28 -0.00 
3415.31 0.00 
3414.35 0.00 
3413.39 0.00 
3412.42 0.00 
3411.46 -0.00 
3410.49 -0.00 
3409.53 -0.00 
3408.57 0.00 
3407.60 0.00 
3406.64 -0.00 
3405.67 0.01 
3404.71 -0.01 
3403.74 0.00 
3402.78 0.01 
3401.82 -0.01 
3400.85 -0.01 
3399.89 0.01 
3398.92 0.00 
3397.96 0.01 
3396.99 -0.00 
3396.03 -0.00 
3395.07 0.00 
3394.10 -0.01 
3393.14 0.01 
3392.17 0.01 
3391.21 -0.00 
3390.24 -0.00 
3389.28 -0.00 
3388.32 -0.00 
3387.35 -0.00 
3386.39 -0.00 
3385.42 0.00 
3384.46 0.01 
3383.49 0.01 
3382.53 -0.01 
3381.57 0.00 
3380.60 -0.00 
3379.64 0.01 
3378.67 0.00 
3377.71 -0.01 
3376.75 -0.00 
3375.78 0.00 
3374.82 -0.00 
3373.85 0.00 
3372.89 0.00 
3371.92 -0.01 
3370.96 -0.00 
3370.00 0.01 
3369.03 -0.00 
3368.07 -0.00 
3367.10 -0.00 
3366.14 0.00 
3365.17 -0.00 
3364.21 0.00 
3363.25 0.00 
3362.28 -0.01 
3361.32 0.01 
3360.35 -0.00 
3359.39 0.00 
3358.42 0.00 
3357.46 -0.00 
3356.50 0.00 
3355.53 -0.01 
3354.57 0.00 
3353.60 0.00 
3352.64 -0.00 
3351.68 -0.01 
3350.71 0.01 
3349.75 0.01 
3348.78 -0.00 
3347.82 -0.00 
3346.85 -0.00 
3345.89 -0.00 
3344.93 0.01 
3343.96 -0.00 
3343.00 -0.01 
3342.03 -0.00 
3341.07 0.01 
3340.10 0.00 
3339.14 -0.00 
3338.18 -0.00 
3337.21 0.00 
3336.25 -0.00 
3335.28 -0.00 
3334.32 0.00 
3333.35 -0.00 
3332.39 -0.00 
3331.43 0.00 
3330.46 0.00 
3329.50 0.00 
3328.53 -0.01 
3327.57 -0.00 
3326.61 0.01 
3325.64 -0.00 
3324.68 -0.00 
3323.71 -0.00 
3322.75 0.00 
3321.78 -0.00 
3320.82 -0.00 
3319.86 0.00 
3318.89 -0.00 
3317.93 -0.01 
3316.96 -0.00 
3316.00 0.00 
3315.03 0.00 
3314.07 0.00 
3313.11 0.00 
3312.14 0.00 
3311.18 0.00 
3310.21 -0.01 
3309.25 0.00 
3308.28 0.01 
3307.32 -0.00 
3306.36 -0.00 
3305.39 -0.00 
3304.43 -0.00 
3303.46 -0.00 
3302.50 -0.01 
3301.54 0.00 
3300.57 -0.00 
3299.61 0.01 
3298.64 -0.00 
3297.68 -0.00 
3296.71 -0.00 
3295.75 -0.00 
3294.79 0.00 
3293.82 -0.00 
3292.86 -0.00 
3291.89 0.01 
3290.93 -0.00 
3289.96 -0.00 
3289.00 -0.00 
3288.04 0.01 
3287.07 0.00 
3286.11 -0.00 
3285.14 -0.00 
3284.18 0.00 
3283.21 -0.01 
3282.25 0.00 
3281.29 0.00 
3280.32 0.00 
3279.36 -0.00 
3278.39 0.00 
3277.43 -0.00 
3276.47 0.00 
3275.50 -0.00 
3274.54 0.00 
3273.57 0.01 
3272.61 -0.00 
3271.64 -0.01 
3270.68 -0.00 
3269.72 0.00 
3268.75 -0.01 
3267.79 -0.00 
3266.82 0.01 
3265.86 -0.00 
3264.89 0.00 
3263.93 0.00 
3262.97 -0.01 
3262.00 -0.00 
3261.04 0.01 
3260.07 0.00 
3259.11 -0.01 
3258.14 0.01 
3257.18 -0.01 
3256.22 0.00 
3255.25 -0.00 
3254.29 -0.01 
3253.32 0.00 
3252.36 0.01 
3251.40 0.01 
3250.43 -0.01 
3249.47 0.00 
3248.50 -0.00 
3247.54 0.00 
3246.57 0.01 
3245.61 -0.00 
3244.65 -0.00 
3243.68 -0.00 
3242.72 -0.00 
3241.75 0.01 
3240.79 0.01 
3239.82 -0.01 
3238.86 -0.00 
3237.90 -0.00 
3236.93 0.00 
3235.97 -0.00 
3235.00 0.00 
3234.04 0.00 
3233.07 0.00 
3232.11 0.00 
3231.15 0.00 
3230.18 -0.00 
3229.22 -0.00 
3228.25 0.00 
3227.29 0.01 
3226.32 -0.01 
3225.36 0.00 
3224.40 -0.01 
3223.43 0.01 
3222.47 -0.00 
3221.50 0.01 
3220.54 0.00 
3219.58 -0.01 
3218.61 0.01 
3217.65 -0.00 
3216.68 -0.00 
3215.72 0.00 
3214.75 0.00 
3213.79 0.00 
3212.83 0.00 
3211.86 -0.00 
3210.90 -0.00 
3209.93 0.01 
3208.97 0.00 
3208.00 -0.00 
3207.04 -0.01 
3206.08 -0.00 
3205.11 0.01 
3204.15 0.01 
3203.18 -0.01 
3202.22 -0.01 
3201.25 0.00 
3200.29 0.00 
3199.33 0.00 
3198.36 0.00 
3197.40 0.00 
3196.43 -0.00 
3195.47 -0.00 
3194.51 -0.00 
3193.54 0.01 
3192.58 -0.00 
3191.61 -0.01 
3190.65 -0.00 
3189.68 0.00 
3188.72 0.01 
3187.76 0.00 
3186.79 -0.00 
3185.83 0.00 
3184.86 0.01 
3183.90 -0.00 
3182.93 0.00 
3181.97 0.00 
3181.01 0.00 
3180.04 -0.00 
3179.08 0.00 
3178.11 0.00 
3177.15 -0.01 
3176.18 -0.00 
3175.22 -0.01 
3174.26 -0.00 
3173.29 0.01 
3172.33 -0.00 
3171.36 0.00 
3170.40 -0.00 
3169.44 0.01 
3168.47 0.00 
3167.51 -0.00 
3166.54 0.00 
3165.58 0.00 
3164.61 0.00 
3163.65 0.00 
3162.69 -0.00 
3161.72 -0.00 
3160.76 0.00 
3159.79 0.00 
3158.83 0.00 
3157.86 0.00 
3156.90 -0.00 
3155.94 0.00 
3154.97 0.00 
3154.01 -0.01 
3153.04 0.00 
3152.08 0.01 
3151.11 0.00 
3150.15 0.01 
3149.19 0.01 
3148.22 -0.00 
3147.26 -0.00 
3146.29 -0.00 
3145.33 0.00 
3144.37 -0.00 
3143.40 0.01 
3142.44 0.00 
3141.47 0.00 
3140.51 -0.01 
3139.54 0.00 
3138.58 0.00 
3137.62 0.00 
3136.65 -0.01 
3135.69 0.00 
3134.72 -0.00 
3133.76 -0.00 
3132.79 -0.00 
3131.83 0.01 
3130.87 0.01 
3129.90 -0.00 
3128.94 0.00 
3127.97 -0.01 
3127.01 -0.01 
3126.04 0.00 
3125.08 0.00 
3124.12 0.01 
3123.15 -0.01 
3122.19 0.00 
3121.22 0.00 
3120.26 0.00 
3119.30 0.00 
3118.33 -0.01 
3117.37 -0.00 
3116.40 0.01 
3115.44 0.00 
3114.47 -0.00 
3113.51 0.00 
3112.55 -0.00 
3111.58 -0.01 
3110.62 0.00 
3109.65 0.00 
3108.69 0.01 
3107.72 -0.01 
3106.76 0.00 
3105.80 0.01 
3104.83 -0.00 
3103.87 -0.01 
3102.90 -0.00 
3101.94 -0.00 
3100.97 0.01 
3100.01 0.00 
3099.05 -0.00 
3098.08 -0.00 
3097.12 0.00 
3096.15 -0.00 
3095.19 -0.00 
3094.22 -0.00 
3093.26 -0.00 
3092.30 0.01 
3091.33 -0.01 
3090.37 -0.00 
3089.40 0.01 
3088.44 -0.00 
3087.48 -0.01 
3086.51 -0.00 
3085.55 0.00 
3084.58 -0.01 
3083.62 0.01 
3082.65 -0.00 
3081.69 0.00 
3080.73 -0.00 
3079.76 -0.00 
3078.80 0.00 
3077.83 0.00 
3076.87 0.00 
3075.90 0.00 
3074.94 -0.01 
3073.98 -0.00 
3073.01 0.00 
3072.05 -0.01 
3071.08 0.00 
3070.12 -0.00 
3069.15 0.00 
3068.19 -0.00 
3067.23 0.01 
3066.26 -0.00 
3065.30 -0.00 
3064.33 -0.00 
3063.37 0.01 
3062.41 0.00 
3061.44 -0.00 
3060.48 -0.01 
3059.51 0.00 
3058.55 0.00 
3057.58 -0.00 
3056.62 -0.00 
3055.66 -0.00 
3054.69 0.00 
3053.73 -0.00 
3052.76 -0.00 
3051.80 0.00 
3050.83 -0.00 
3049.87 -0.00 
3048.91 0.00 
3047.94 0.00 
3046.98 0.00 
3046.01 -0.00 
3045.05 -0.00 
3044.08 -0.01 
3043.12 0.00 
3042.16 0.00 
3041.19 -0.00 
3040.23 -0.01 
3039.26 0.00 
3038.30 0.00 
3037.34 0.00 
3036.37 -0.00 
3035.41 -0.00 
3034.44 0.00 
3033.48 -0.00 
3032.51 0.00 
3031.55 -0.00 
3030.59 -0.00 
3029.62 0.00 
3028.66 -0.00 
3027.69 -0.00 
3026.73 0.00 
3025.76 -0.00 
3024.80 -0.00 
3023.84 0.00 
3022.87 0.00 
3021.91 -0.00 
3020.94 -0.00 
3019.98 -0.00 
3019.01 0.00 
3018.05 -0.00 
3017.09 0.00 
3016.12 0.00 
3015.16 -0.00 
3014.19 -0.00 
3013.23 0.00 
3012.27 -0.00 
3011.30 -0.00 
3010.34 0.00 
3009.37 0.00 
3008.41 -0.00 
3007.44 -0.00 
3006.48 0.01 
3005.52 -0.00 
3004.55 0.00 
3003.59 -0.00 
3002.62 0.00 
3001.66 0.00 
3000.69 -0.00 
2999.73 -0.00 
2998.77 -0.01 
2997.80 0.01 
2996.84 0.01 
2995.87 -0.00 
2994.91 -0.00 
2993.94 0.00 
2992.98 -0.00 
2992.02 0.00 
2991.05 -0.00 
2990.09 0.00 
2989.12 -0.00 
2988.16 0.00 
2987.20 0.00 
2986.23 0.00 
2985.27 -0.01 
2984.30 0.00 
2983.34 0.00 
2982.37 -0.00 
2981.41 0.00 
2980.45 0.00 
2979.48 0.00 
2978.52 -0.00 
2977.55 -0.00 
2976.59 0.00 
2975.62 -0.00 
2974.66 0.00 
2973.70 0.00 
2972.73 -0.00 
2971.77 -0.00 
2970.80 0.00 
2969.84 0.00 
2968.87 0.00 
2967.91 -0.01 
2966.95 0.00 
2965.98 0.00 
2965.02 -0.00 
2964.05 0.00 
2963.09 -0.00 
2962.12 -0.00 
2961.16 0.00 
2960.20 -0.00 
2959.23 -0.00 
2958.27 0.00 
2957.30 -0.00 
2956.34 0.00 
2955.38 -0.00 
2954.41 -0.00 
2953.45 0.00 
2952.48 -0.00 
2951.52 0.00 
2950.55 0.00 
2949.59 -0.00 
2948.63 0.00 
2947.66 -0.00 
2946.70 0.01 
2945.73 -0.00 
2944.77 0.00 
2943.80 -0.00 
2942.84 -0.00 
2941.88 0.00 
2940.91 0.00 
2939.95 -0.00 
2938.98 0.00 
2938.02 -0.00 
2937.05 0.00 
2936.09 -0.00 
2935.13 0.00 
2934.16 -0.00 
2933.20 0.00 
2932.23 -0.00 
2931.27 0.00 
2930.31 0.00 
2929.34 -0.00 
2928.38 0.00 
2927.41 0.01 
2926.45 -0.00 
2925.48 -0.00 
2924.52 0.00 
2923.56 -0.00 
2922.59 -0.00 
2921.63 0.00 
2920.66 -0.00 
2919.70 -0.00 
2918.73 -0.00 
2917.77 0.01 
2916.81 -0.00 
2915.84 -0.00 
2914.88 0.00 
2913.91 0.01 
2912.95 0.00 
2911.98 -0.01 
2911.02 0.00 
2910.06 0.00 
2909.09 -0.00 
2908.13 -0.00 
2907.16 0.00 
2906.20 0.00 
2905.24 -0.01 
2904.27 0.00 
2903.31 -0.00 
2902.34 -0.00 
2901.38 0.00 
2900.41 0.00 
2899.45 -0.00 
2898.49 -0.00 
2897.52 0.00 
2896.56 0.00 
2895.59 0.00 
2894.63 -0.00 
2893.66 -0.00 
2892.70 0.00 
2891.74 -0.00 
2890.77 0.00 
2889.81 0.00 
2888.84 -0.00 
2887.88 -0.00 
2886.91 0.01 
2885.95 -0.00 
2884.99 -0.00 
2884.02 -0.00 
2883.06 -0.00 
2882.09 0.00 
2881.13 -0.00 
2880.17 0.00 
2879.20 0.00 
2878.24 0.00 
2877.27 0.00 
2876.31 0.00 
2875.34 0.00 
2874.38 0.00 
2873.42 -0.00 
2872.45 -0.00 
2871.49 -0.00 
2870.52 0.00 
2869.56 -0.00 
2868.59 -0.00 
2867.63 -0.00 
2866.67 0.00 
2865.70 -0.00 
2864.74 -0.00 
2863.77 0.00 
2862.81 -0.00 
2861.84 -0.00 
2860.88 -0.00 
2859.92 -0.00 
2858.95 0.00 
2857.99 -0.00 
2857.02 -0.00 
2856.06 0.00 
2855.10 0.00 
2854.13 -0.00 
2853.17 -0.01 
2852.20 0.00 
2851.24 -0.00 
2850.27 0.00 
2849.31 -0.00 
2848.35 0.00 
2847.38 0.00 
2846.42 -0.00 
2845.45 -0.00 
2844.49 0.00 
2843.52 -0.00 
2842.56 -0.00 
2841.60 -0.00 
2840.63 -0.00 
2839.67 0.00 
2838.70 0.01 
2837.74 0.00 
2836.77 -0.00 
2835.81 0.00 
2834.85 -0.00 
2833.88 0.01 
2832.92 -0.00 
2831.95 -0.00 
2830.99 -0.00 
2830.03 -0.00 
2829.06 0.00 
2828.10 0.00 
2827.13 0.00 
2826.17 -0.00 
2825.20 -0.00 
2824.24 -0.00 
2823.28 -0.00 
2822.31 0.00 
2821.35 -0.00 
2820.38 0.00 
2819.42 -0.00 
2818.45 -0.00 
2817.49 0.00 
2816.53 0.00 
2815.56 0.00 
2814.60 0.00 
2813.63 0.01 
2812.67 -0.00 
2811.70 -0.00 
2810.74 0.00 
2809.78 0.00 
2808.81 -0.00 
2807.85 -0.00 
2806.88 0.00 
2805.92 -0.00 
2804.95 -0.00 
2803.99 0.00 
2803.03 -0.00 
2802.06 0.00 
2801.10 0.00 
2800.13 -0.00 
2799.17 0.00 
2798.21 0.00 
2797.24 -0.00 
2796.28 -0.00 
2795.31 0.00 
2794.35 -0.00 
2793.38 -0.00 
2792.42 -0.00 
2791.46 -0.00 
2790.49 0.00 
2789.53 -0.00 
2788.56 0.00 
2787.60 0.01 
2786.63 -0.00 
2785.67 -0.01 
2784.71 -0.00 
2783.74 0.00 
2782.78 0.00 
2781.81 -0.00 
2780.85 0.00 
2779.88 -0.00 
2778.92 -0.00 
2777.96 -0.00 
2776.99 0.00 
2776.03 -0.00 
2775.06 0.00 
2774.10 -0.00 
2773.14 -0.00 
2772.17 0.00 
2771.21 0.00 
2770.24 -0.00 
2769.28 -0.00 
2768.31 0.00 
2767.35 -0.00 
2766.39 -0.00 
2765.42 -0.00 
2764.46 0.00 
2763.49 0.00 
2762.53 -0.01 
2761.56 -0.00 
2760.60 0.00 
2759.64 0.00 
2758.67 0.00 
2757.71 -0.00 
2756.74 -0.00 
2755.78 0.00 
2754.81 0.00 
2753.85 -0.00 
2752.89 0.00 
2751.92 -0.00 
2750.96 -0.00 
2749.99 -0.00 
2749.03 -0.00 
2748.07 0.00 
2747.10 0.00 
2746.14 0.00 
2745.17 -0.00 
2744.21 0.00 
2743.24 -0.00 
2742.28 -0.00 
2741.32 0.00 
2740.35 -0.00 
2739.39 0.00 
2738.42 -0.00 
2737.46 0.00 
2736.49 -0.00 
2735.53 -0.01 
2734.57 0.01 
2733.60 -0.00 
2732.64 0.00 
2731.67 0.00 
2730.71 -0.00 
2729.74 0.00 
2728.78 -0.00 
2727.82 -0.00 
2726.85 0.00 
2725.89 0.00 
2724.92 0.00 
2723.96 -0.00 
2723.00 -0.00 
2722.03 0.00 
2721.07 0.00 
2720.10 -0.00 
2719.14 -0.01 
2718.17 0.00 
2717.21 0.00 
2716.25 0.00 
2715.28 -0.00 
2714.32 0.00 
2713.35 0.00 
2712.39 -0.00 
2711.42 0.01 
2710.46 -0.00 
2709.50 -0.00 
2708.53 0.00 
2707.57 0.00 
2706.60 -0.01 
2705.64 0.00 
2704.67 0.00 
2703.71 -0.00 
2702.75 -0.00 
2701.78 -0.00 
2700.82 -0.00 
2699.85 0.00 
2698.89 0.00 
2697.93 -0.00 
2696.96 -0.00 
2696.00 -0.00 
2695.03 0.00 
2694.07 0.00 
2693.10 -0.00 
2692.14 -0.00 
2691.18 0.00 
2690.21 -0.00 
2689.25 -0.00 
2688.28 0.00 
2687.32 0.00 
2686.35 -0.00 
2685.39 -0.00 
2684.43 0.00 
2683.46 -0.00 
2682.50 0.00 
2681.53 0.00 
2680.57 0.00 
2679.60 -0.00 
2678.64 0.00 
2677.68 -0.00 
2676.71 0.00 
2675.75 -0.00 
2674.78 0.00 
2673.82 -0.00 
2672.85 0.00 
2671.89 0.00 
2670.93 -0.00 
2669.96 0.00 
2669.00 0.00 
2668.03 -0.00 
2667.07 0.00 
2666.11 -0.00 
2665.14 -0.00 
2664.18 0.00 
2663.21 -0.00 
2662.25 0.00 
2661.28 -0.00 
2660.32 0.00 
2659.36 0.00 
2658.39 -0.00 
2657.43 -0.00 
2656.46 0.00 
2655.50 0.00 
2654.53 -0.00 
2653.57 -0.00 
2652.61 0.00 
2651.64 -0.00 
2650.68 -0.00 
2649.71 0.00 
2648.75 -0.00 
2647.78 0.01 
2646.82 -0.00 
2645.86 0.00 
2644.89 0.00 
2643.93 -0.00 
2642.96 -0.00 
2642.00 0.00 
2641.04 0.00 
2640.07 -0.00 
2639.11 0.00 
2638.14 -0.00 
2637.18 0.00 
2636.21 0.00 
2635.25 -0.00 
2634.29 -0.00 
2633.32 -0.00 
2632.36 -0.00 
2631.39 0.00 
2630.43 0.00 
2629.46 -0.00 
2628.50 0.00 
2627.54 0.00 
2626.57 -0.00 
2625.61 -0.00 
2624.64 0.00 
2623.68 -0.00 
2622.71 -0.00 
2621.75 -0.00 
2620.79 -0.00 
2619.82 0.00 
2618.86 0.00 
2617.89 -0.00 
2616.93 0.00 
2615.97 -0.00 
2615.00 0.00 
2614.04 -0.00 
2613.07 0.00 
2612.11 -0.00 
2611.14 -0.00 
2610.18 0.00 
2609.22 -0.00 
2608.25 0.00 
2607.29 0.00 
2606.32 -0.00 
2605.36 0.00 
2604.39 0.00 
2603.43 0.00 
2602.47 -0.00 
2601.50 0.00 
2600.54 -0.00 
2599.57 -0.00 
2598.61 0.00 
2597.64 0.00 
2596.68 0.00 
2595.72 -0.00 
2594.75 -0.00 
2593.79 0.00 
2592.82 0.00 
2591.86 -0.00 
2590.90 0.00 
2589.93 0.01 
2588.97 -0.00 
2588.00 -0.00 
2587.04 0.00 
2586.07 0.00 
2585.11 -0.00 
2584.15 0.00 
2583.18 0.00 
2582.22 -0.00 
2581.25 0.00 
2580.29 -0.00 
2579.32 0.00 
2578.36 0.00 
2577.40 0.00 
2576.43 -0.00 
2575.47 0.00 
2574.50 -0.00 
2573.54 -0.00 
2572.57 0.00 
2571.61 0.00 
2570.65 0.00 
2569.68 0.00 
2568.72 -0.00 
2567.75 -0.00 
2566.79 0.00 
2565.83 -0.00 
2564.86 0.00 
2563.90 0.00 
2562.93 -0.00 
2561.97 -0.00 
2561.00 0.00 
2560.04 -0.01 
2559.08 0.00 
2558.11 0.00 
2557.15 0.00 
2556.18 -0.00 
2555.22 -0.00 
2554.25 0.00 
2553.29 0.00 
2552.33 -0.00 
2551.36 0.00 
2550.40 0.00 
2549.43 -0.00 
2548.47 -0.00 
2547.50 0.00 
2546.54 -0.00 
2545.58 0.00 
2544.61 0.00 
2543.65 -0.00 
2542.68 -0.00 
2541.72 0.00 
2540.76 0.00 
2539.79 0.00 
2538.83 -0.00 
2537.86 -0.00 
2536.90 0.00 
2535.93 -0.00 
2534.97 0.00 
2534.01 0.00 
2533.04 -0.00 
2532.08 0.00 
2531.11 -0.00 
2530.15 0.00 
2529.18 0.00 
2528.22 0.00 
2527.26 0.00 
2526.29 -0.01 
2525.33 0.00 
2524.36 0.00 
2523.40 -0.00 
2522.43 -0.00 
2521.47 0.00 
2520.51 -0.00 
2519.54 0.00 
2518.58 -0.00 
2517.61 0.00 
2516.65 0.00 
2515.68 -0.00 
2514.72 0.00 
2513.76 0.00 
2512.79 -0.00 
2511.83 -0.00 
2510.86 0.00 
2509.90 0.00 
2508.94 0.00 
2507.97 0.00 
2507.01 -0.00 
2506.04 0.00 
2505.08 0.00 
2504.11 0.00 
2503.15 -0.00 
2502.19 -0.00 
2501.22 0.00 
2500.26 0.00 
2499.29 -0.00 
2498.33 -0.00 
2497.36 0.00 
2496.40 0.00 
2495.44 -0.00 
2494.47 0.00 
2493.51 -0.00 
2492.54 -0.00 
2491.58 0.00 
2490.61 0.00 
2489.65 -0.00 
2488.69 -0.00 
2487.72 0.00 
2486.76 -0.00 
2485.79 0.00 
2484.83 -0.00 
2483.87 0.00 
2482.90 0.00 
2481.94 -0.00 
2480.97 0.00 
2480.01 -0.00 
2479.04 -0.00 
2478.08 0.00 
2477.12 0.00 
2476.15 -0.00 
2475.19 -0.00 
2474.22 0.00 
2473.26 0.00 
2472.29 -0.00 
2471.33 0.00 
2470.37 0.00 
2469.40 -0.00 
2468.44 -0.00 
2467.47 0.00 
2466.51 0.00 
2465.54 -0.00 
2464.58 0.00 
2463.62 0.00 
2462.65 -0.00 
2461.69 0.00 
2460.72 0.00 
2459.76 0.00 
2458.80 -0.00 
2457.83 -0.00 
2456.87 0.00 
2455.90 0.00 
2454.94 -0.00 
2453.97 0.00 
2453.01 -0.00 
2452.05 0.00 
2451.08 0.00 
2450.12 0.00 
2449.15 -0.00 
2448.19 -0.00 
2447.22 0.00 
2446.26 -0.00 
2445.30 -0.00 
2444.33 0.00 
2443.37 -0.00 
2442.40 -0.00 
2441.44 0.00 
2440.47 0.00 
2439.51 -0.00 
2438.55 0.00 
2437.58 0.00 
2436.62 -0.00 
2435.65 0.00 
2434.69 0.00 
2433.73 -0.00 
2432.76 -0.00 
2431.80 -0.00 
2430.83 0.00 
2429.87 0.00 
2428.90 -0.00 
2427.94 -0.00 
2426.98 -0.00 
2426.01 -0.00 
2425.05 -0.00 
2424.08 0.00 
2423.12 0.00 
2422.15 -0.00 
2421.19 0.00 
2420.23 0.00 
2419.26 -0.00 
2418.30 -0.00 
2417.33 -0.00 
2416.37 -0.00 
2415.40 0.00 
2414.44 0.00 
2413.48 -0.00 
2412.51 -0.00 
2411.55 0.00 
2410.58 0.00 
2409.62 0.00 
2408.66 -0.00 
2407.69 0.00 
2406.73 -0.00 
2405.76 -0.00 
2404.80 0.00 
2403.83 0.00 
2402.87 -0.01 
2401.91 0.00 
2400.94 0.00 
2399.98 -0.00 
2399.01 -0.00 
2398.05 0.00 
2397.08 0.00 
2396.12 0.00 
2395.16 -0.00 
2394.19 -0.00 
2393.23 0.00 
2392.26 -0.00 
2391.30 -0.00 
2390.33 -0.00 
2389.37 0.00 
2388.41 -0.00 
2387.44 -0.00 
2386.48 0.00 
2385.51 -0.00 
2384.55 -0.00 
2383.58 0.00 
2382.62 -0.00 
2381.66 -0.00 
2380.69 0.00 
2379.73 -0.00 
2378.76 0.00 
2377.80 -0.00 
2376.84 -0.00 
2375.87 -0.00 
2374.91 -0.00 
2373.94 -0.00 
2372.98 -0.00 
2372.01 -0.00 
2371.05 0.00 
2370.09 -0.00 
2369.12 -0.00 
2368.16 0.00 
2367.19 -0.00 
2366.23 0.00 
2365.26 -0.01 
2364.30 0.00 
2363.34 0.01 
2362.37 -0.00 
2361.41 -0.01 
2360.44 0.01 
2359.48 0.01 
2358.51 -0.01 
2357.55 0.00 
2356.59 0.01 
2355.62 -0.01 
2354.66 0.01 
2353.69 0.01 
2352.73 -0.01 
2351.77 0.01 
2350.80 0.00 
2349.84 0.00 
2348.87 0.00 
2347.91 -0.01 
2346.94 -0.00 
2345.98 -0.01 
2345.02 0.01 
2344.05 -0.01 
2343.09 0.01 
2342.12 0.00 
2341.16 -0.01 
2340.19 0.02 
2339.23 -0.03 
2338.27 0.02 
2337.30 -0.02 
2336.34 0.01 
2335.37 -0.00 
2334.41 -0.00 
2333.44 0.01 
2332.48 -0.01 
2331.52 0.01 
2330.55 -0.02 
2329.59 0.03 
2328.62 -0.02 
2327.66 0.02 
2326.70 -0.02 
2325.73 0.02 
2324.77 -0.02 
2323.80 0.02 
2322.84 -0.02 
2321.87 0.02 
2320.91 -0.02 
2319.95 0.02 
2318.98 -0.01 
2318.02 0.01 
2317.05 -0.01 
2316.09 0.01 
2315.12 -0.01 
2314.16 0.01 
2313.20 -0.01 
2312.23 0.01 
2311.27 -0.00 
2310.30 0.01 
2309.34 -0.00 
2308.37 0.00 
2307.41 0.00 
2306.45 -0.00 
2305.48 0.00 
2304.52 -0.00 
2303.55 0.01 
2302.59 -0.00 
2301.63 0.00 
2300.66 -0.00 
2299.70 0.00 
2298.73 -0.00 
2297.77 -0.00 
2296.80 0.00 
2295.84 -0.00 
2294.88 0.00 
2293.91 -0.00 
2292.95 0.00 
2291.98 0.00 
2291.02 -0.00 
2290.05 0.00 
2289.09 -0.00 
2288.13 -0.00 
2287.16 0.00 
2286.20 -0.00 
2285.23 -0.00 
2284.27 -0.00 
2283.30 0.00 
2282.34 -0.00 
2281.38 0.00 
2280.41 0.00 
2279.45 -0.00 
2278.48 -0.00 
2277.52 0.00 
2276.56 -0.00 
2275.59 0.00 
2274.63 0.00 
2273.66 -0.00 
2272.70 0.00 
2271.73 -0.00 
2270.77 0.00 
2269.81 0.00 
2268.84 0.00 
2267.88 -0.00 
2266.91 0.00 
2265.95 0.00 
2264.98 -0.00 
2264.02 0.00 
2263.06 -0.00 
2262.09 -0.00 
2261.13 0.00 
2260.16 0.00 
2259.20 -0.00 
2258.23 -0.00 
2257.27 -0.00 
2256.31 0.00 
2255.34 -0.00 
2254.38 -0.00 
2253.41 0.00 
2252.45 -0.00 
2251.48 0.00 
2250.52 -0.00 
2249.56 -0.01 
2248.59 0.01 
2247.63 -0.01 
2246.66 -0.00 
2245.70 0.01 
2244.74 -0.03 
2243.77 0.01 
2242.81 0.01 
2241.84 -0.04 
2240.88 0.04 
2239.91 -0.00 
2238.95 -0.05 
2237.99 0.05 
2237.02 -0.02 
2236.06 -0.05 
2235.09 0.07 
2234.13 -0.04 
2233.16 -0.06 
2232.20 0.08 
2231.24 -0.05 
2230.27 -0.06 
2229.31 0.10 
2228.34 -0.07 
2227.38 -0.07 
2226.41 0.13 
2225.45 -0.08 
2224.49 -0.10 
2223.52 0.16 
2222.56 -0.08 
2221.59 -0.16 
2220.63 0.20 
2219.67 -0.06 
2218.70 -0.24 
2217.74 0.26 
2216.77 -0.03 
2215.81 -0.33 
2214.84 0.31 
2213.88 0.02 
2212.92 -0.35 
2211.95 0.27 
2210.99 0.11 
2210.02 -0.30 
2209.06 0.04 
2208.09 0.24 
2207.13 -0.20 
2206.17 -0.35 
2205.20 0.41 
2204.24 -0.08 
2203.27 -0.55 
2202.31 0.52 
2201.34 0.09 
2200.38 -0.46 
2199.42 0.19 
2198.45 0.30 
2197.49 -0.26 
2196.52 -0.58 
2195.56 0.59 
2194.60 -0.03 
2193.63 -0.67 
2192.67 0.58 
2191.70 0.25 
2190.74 -0.38 
2189.77 -0.50 
2188.81 0.62 
2187.85 -0.08 
2186.88 -0.76 
2185.92 0.70 
2184.95 0.28 
2183.99 -0.39 
2183.02 -0.59 
2182.06 0.69 
2181.10 -0.02 
2180.13 -0.77 
2179.17 0.62 
2178.20 0.45 
2177.24 -0.29 
2176.27 -1.06 
2175.31 0.99 
2174.35 0.16 
2173.38 -0.56 
2172.42 -0.29 
2171.45 0.69 
2170.49 -0.05 
2169.53 -0.87 
2168.56 0.90 
2167.60 0.47 
2166.63 -0.26 
2165.67 -1.04 
2164.70 1.05 
2163.74 0.27 
2162.78 -0.43 
2161.81 -0.81 
2160.85 0.87 
2159.88 0.08 
2158.92 -0.59 
2157.95 -0.05 
2156.99 0.62 
2156.03 0.03 
2155.06 -0.61 
2154.10 0.28 
2153.13 0.56 
2152.17 -0.02 
2151.20 -0.62 
2150.24 0.57 
2149.28 0.38 
2148.31 -0.03 
2147.35 -0.51 
2146.38 0.49 
2145.42 0.27 
2144.46 -0.02 
2143.49 0.03 
2142.53 0.05 
2141.56 -0.06 
2140.60 -0.22 
2139.63 -0.51 
2138.67 0.50 
2137.71 0.08 
2136.74 -0.09 
2135.78 -0.66 
2134.81 0.42 
2133.85 0.38 
2132.88 -0.06 
2131.92 -0.74 
2130.96 0.56 
2129.99 0.46 
2129.03 -0.07 
2128.06 -0.74 
2127.10 0.48 
2126.13 0.53 
2125.17 -0.07 
2124.21 -0.69 
2123.24 0.21 
2122.28 0.58 
2121.31 -0.07 
2120.35 -0.69 
2119.39 -0.15 
2118.42 0.71 
2117.46 -0.04 
2116.49 -0.34 
2115.53 -0.77 
2114.56 0.76 
2113.60 0.22 
2112.64 -0.13 
2111.67 -0.93 
2110.71 0.85 
2109.74 0.51 
2108.78 -0.06 
2107.81 -0.69 
2106.85 0.36 
2105.89 0.57 
2104.92 0.02 
2103.96 -0.46 
2102.99 -0.42 
2102.03 0.68 
2101.06 0.14 
2100.10 -0.26 
2099.14 -0.80 
2098.17 0.80 
2097.21 0.26 
2096.24 -0.08 
2095.28 -0.60 
2094.31 0.35 
2093.35 0.42 
2092.39 0.00 
2091.42 -0.27 
2090.46 -0.52 
2089.49 0.57 
2088.53 0.12 
2087.57 -0.02 
2086.60 -0.57 
2085.64 0.35 
2084.67 0.33 
2083.71 0.11 
2082.74 -0.29 
2081.78 -0.55 
2080.82 0.63 
2079.85 0.18 
2078.89 -0.08 
2077.92 -0.50 
2076.96 0.42 
2075.99 0.25 
2075.03 0.02 
2074.07 -0.23 
2073.10 -0.33 
2072.14 0.43 
2071.17 0.08 
2070.21 -0.11 
2069.24 -0.45 
2068.28 0.38 
2067.32 0.21 
2066.35 -0.06 
2065.39 -0.14 
2064.42 -0.24 
2063.46 0.37 
2062.50 0.01 
2061.53 -0.04 
2060.57 -0.08 
2059.60 -0.08 
2058.64 0.17 
2057.67 -0.04 
2056.71 0.10 
2055.75 -0.22 
2054.78 0.11 
2053.82 0.02 
2052.85 0.14 
2051.89 -0.03 
2050.92 -0.24 
2049.96 0.10 
2049.00 0.18 
2048.03 0.02 
2047.07 -0.07 
2046.10 -0.25 
2045.14 0.27 
2044.17 0.04 
2043.21 0.00 
2042.25 -0.13 
2041.28 0.02 
2040.32 0.12 
2039.35 0.01 
2038.39 -0.04 
2037.43 -0.16 
2036.46 0.15 
2035.50 0.06 
2034.53 -0.01 
2033.57 -0.07 
2032.60 -0.03 
2031.64 0.09 
2030.68 0.02 
2029.71 -0.05 
2028.75 0.02 
2027.78 -0.04 
2026.82 0.07 
2025.85 -0.01 
2024.89 -0.02 
2023.93 0.03 
2022.96 -0.05 
2022.00 0.05 
2021.03 -0.03 
2020.07 0.04 
2019.10 0.00 
2018.14 -0.03 
2017.18 0.02 
2016.21 0.00 
2015.25 0.03 
2014.28 -0.01 
2013.32 -0.03 
2012.36 0.01 
2011.39 0.02 
2010.43 0.01 
2009.46 -0.00 
2008.50 -0.03 
2007.53 0.02 
2006.57 0.01 
2005.61 0.00 
2004.64 -0.00 
2003.68 -0.02 
2002.71 0.02 
2001.75 0.00 
2000.78 -0.00 
1999.82 -0.00 
1998.86 -0.00 
1997.89 0.01 
1996.93 -0.00 
1995.96 0.00 
1995.00 -0.00 
1994.03 -0.00 
1993.07 0.01 
1992.11 0.00 
1991.14 -0.00 
1990.18 -0.00 
1989.21 -0.00 
1988.25 0.00 
1987.29 -0.00 
1986.32 -0.00 
1985.36 0.00 
1984.39 0.00 
1983.43 0.00 
1982.46 -0.00 
1981.50 -0.00 
1980.54 0.00 
1979.57 -0.00 
1978.61 0.00 
1977.64 -0.00 
1976.68 -0.00 
1975.71 -0.00 
1974.75 0.00 
1973.79 0.00 
1972.82 0.00 
1971.86 -0.00 
1970.89 0.00 
1969.93 -0.00 
1968.96 -0.00 
1968.00 0.00 
1967.04 -0.00 
1966.07 -0.00 
1965.11 0.00 
1964.14 -0.00 
1963.18 0.00 
1962.21 0.00 
1961.25 0.00 
1960.29 -0.00 
1959.32 -0.00 
1958.36 -0.00 
1957.39 -0.00 
1956.43 0.00 
1955.47 0.00 
1954.50 -0.00 
1953.54 -0.00 
1952.57 0.00 
1951.61 0.00 
1950.64 -0.00 
1949.68 -0.00 
1948.72 0.00 
1947.75 -0.00 
1946.79 0.00 
1945.82 0.00 
1944.86 -0.00 
1943.89 -0.00 
1942.93 0.01 
1941.97 -0.00 
1941.00 -0.00 
1940.04 -0.00 
1939.07 -0.00 
1938.11 0.00 
1937.14 0.00 
1936.18 0.00 
1935.22 -0.00 
1934.25 0.00 
1933.29 -0.00 
1932.32 0.00 
1931.36 0.00 
1930.40 -0.00 
1929.43 0.00 
1928.47 0.00 
1927.50 -0.00 
1926.54 0.00 
1925.57 -0.00 
1924.61 -0.00 
1923.65 0.00 
1922.68 0.00 
1921.72 -0.00 
1920.75 -0.00 
1919.79 -0.00 
1918.82 0.01 
1917.86 0.01 
1916.90 -0.01 
1915.93 -0.00 
1914.97 -0.00 
1914.00 -0.00 
1913.04 -0.00 
1912.07 -0.00 
1911.11 0.00 
1910.15 0.00 
1909.18 -0.00 
1908.22 0.00 
1907.25 -0.00 
1906.29 0.00 
1905.33 0.00 
1904.36 0.00 
1903.40 -0.00 
1902.43 -0.00 
1901.47 0.00 
1900.50 0.00 
1899.54 0.00 
1898.58 -0.00 
1897.61 -0.00 
1896.65 0.00 
1895.68 0.00 
1894.72 0.00 
1893.75 -0.00 
1892.79 -0.00 
1891.83 0.00 
1890.86 0.00 
1889.90 0.01 
1888.93 -0.01 
1887.97 -0.00 
1887.00 -0.00 
1886.04 -0.00 
1885.08 0.00 
1884.11 0.00 
1883.15 -0.00 
1882.18 -0.00 
1881.22 0.00 
1880.26 0.00 
1879.29 -0.00 
1878.33 0.00 
1877.36 -0.00 
1876.40 0.00 
1875.43 -0.00 
1874.47 0.00 
1873.51 0.00 
1872.54 -0.00 
1871.58 0.00 
1870.61 0.00 
1869.65 0.01 
1868.68 -0.01 
1867.72 0.00 
1866.76 -0.00 
1865.79 -0.00 
1864.83 -0.00 
1863.86 0.00 
1862.90 -0.00 
1861.93 0.00 
1860.97 0.00 
1860.01 -0.00 
1859.04 0.00 
1858.08 -0.00 
1857.11 -0.00 
1856.15 0.00 
1855.19 0.00 
1854.22 -0.00 
1853.26 0.00 
1852.29 -0.00 
1851.33 -0.00 
1850.36 0.00 
1849.40 0.00 
1848.44 0.00 
1847.47 0.00 
1846.51 -0.00 
1845.54 0.00 
1844.58 0.03 
1843.61 -0.02 
1842.65 -0.01 
1841.69 -0.01 
1840.72 -0.00 
1839.76 0.00 
1838.79 -0.00 
1837.83 0.00 
1836.86 -0.00 
1835.90 -0.00 
1834.94 0.00 
1833.97 0.00 
1833.01 0.00 
1832.04 -0.00 
1831.08 0.00 
1830.11 0.01 
1829.15 -0.01 
1828.19 -0.01 
1827.22 0.00 
1826.26 0.00 
1825.29 0.01 
1824.33 -0.02 
1823.37 -0.00 
1822.40 -0.00 
1821.44 0.00 
1820.47 -0.00 
1819.51 0.00 
1818.54 -0.00 
1817.58 0.00 
1816.62 -0.00 
1815.65 -0.00 
1814.69 -0.00 
1813.72 -0.00 
1812.76 0.00 
1811.79 0.00 
1810.83 0.01 
1809.87 -0.01 
1808.90 -0.00 
1807.94 -0.00 
1806.97 -0.00 
1806.01 0.00 
1805.04 0.00 
1804.08 -0.00 
1803.12 0.00 
1802.15 0.01 
1801.19 -0.00 
1800.22 0.00 
1799.26 -0.00 
1798.30 -0.01 
1797.33 -0.00 
1796.37 0.01 
1795.40 0.00 
1794.44 -0.00 
1793.47 0.01 
1792.51 0.01 
1791.55 -0.01 
1790.58 -0.01 
1789.62 -0.01 
1788.65 0.00 
1787.69 -0.00 
1786.72 -0.00 
1785.76 0.00 
1784.80 0.00 
1783.83 -0.00 
1782.87 -0.00 
1781.90 0.00 
1780.94 0.01 
1779.97 -0.01 
1779.01 -0.00 
1778.05 -0.00 
1777.08 0.00 
1776.12 0.00 
1775.15 -0.00 
1774.19 -0.00 
1773.23 0.03 
1772.26 -0.00 
1771.30 -0.00 
1770.33 -0.02 
1769.37 -0.01 
1768.40 0.02 
1767.44 -0.01 
1766.48 -0.01 
1765.51 -0.00 
1764.55 0.00 
1763.58 -0.00 
1762.62 0.01 
1761.65 0.01 
1760.69 -0.01 
1759.73 -0.01 
1758.76 -0.00 
1757.80 0.00 
1756.83 0.01 
1755.87 -0.01 
1754.90 -0.00 
1753.94 -0.00 
1752.98 0.00 
1752.01 0.01 
1751.05 0.01 
1750.08 -0.01 
1749.12 0.01 
1748.16 -0.01 
1747.19 -0.00 
1746.23 -0.01 
1745.26 -0.00 
1744.30 0.00 
1743.33 0.01 
1742.37 -0.01 
1741.41 0.00 
1740.44 0.02 
1739.48 -0.00 
1738.51 -0.01 
1737.55 -0.00 
1736.58 0.00 
1735.62 0.01 
1734.66 0.04 
1733.69 -0.00 
1732.73 -0.03 
1731.76 -0.01 
1730.80 -0.00 
1729.83 0.00 
1728.87 -0.01 
1727.91 -0.00 
1726.94 -0.00 
1725.98 0.00 
1725.01 -0.00 
1724.05 0.00 
1723.09 0.00 
1722.12 -0.00 
1721.16 -0.00 
1720.19 0.00 
1719.23 0.02 
1718.26 0.02 
1717.30 0.00 
1716.34 -0.02 
1715.37 0.01 
1714.41 -0.01 
1713.44 -0.01 
1712.48 -0.00 
1711.51 -0.00 
1710.55 0.01 
1709.59 -0.00 
1708.62 -0.00 
1707.66 0.01 
1706.69 0.02 
1705.73 -0.01 
1704.76 0.01 
1703.80 -0.01 
1702.84 -0.00 
1701.87 0.00 
1700.91 0.06 
1699.94 -0.00 
1698.98 -0.05 
1698.02 -0.01 
1697.05 0.00 
1696.09 0.04 
1695.12 -0.04 
1694.16 -0.02 
1693.19 -0.01 
1692.23 0.00 
1691.27 -0.00 
1690.30 0.01 
1689.34 -0.00 
1688.37 0.00 
1687.41 -0.00 
1686.44 0.00 
1685.48 0.03 
1684.52 0.02 
1683.55 -0.01 
1682.59 -0.03 
1681.62 -0.01 
1680.66 0.00 
1679.69 -0.00 
1678.73 -0.00 
1677.77 -0.00 
1676.80 0.00 
1675.84 0.03 
1674.87 -0.01 
1673.91 -0.02 
1672.94 -0.00 
1671.98 0.01 
1671.02 -0.01 
1670.05 0.02 
1669.09 0.01 
1668.12 -0.02 
1667.16 -0.01 
1666.20 -0.00 
1665.23 -0.00 
1664.27 0.00 
1663.30 0.02 
1662.34 -0.01 
1661.37 -0.01 
1660.41 -0.00 
1659.45 -0.00 
1658.48 0.00 
1657.52 0.00 
1656.55 0.00 
1655.59 0.01 
1654.62 0.03 
1653.66 0.03 
1652.70 0.02 
1651.73 -0.07 
1650.77 -0.02 
1649.80 -0.00 
1648.84 0.01 
1647.87 0.01 
1646.91 0.00 
1645.95 0.02 
1644.98 -0.03 
1644.02 -0.01 
1643.05 -0.00 
1642.09 -0.00 
1641.13 -0.00 
1640.16 0.00 
1639.20 -0.00 
1638.23 0.01 
1637.27 0.01 
1636.30 0.02 
1635.34 0.03 
1634.38 -0.04 
1633.41 -0.01 
1632.45 -0.01 
1631.48 -0.00 
1630.52 0.00 
1629.55 0.00 
1628.59 0.01 
1627.63 0.01 
1626.66 -0.01 
1625.70 -0.00 
1624.73 0.00 
1623.77 0.02 
1622.80 -0.01 
1621.84 -0.01 
1620.88 -0.01 
1619.91 0.00 
1618.95 0.00 
1617.98 0.00 
1617.02 0.04 
1616.06 -0.03 
1615.09 -0.01 
1614.13 -0.01 
1613.16 -0.00 
1612.20 -0.00 
1611.23 -0.00 
1610.27 0.00 
1609.31 0.00 
1608.34 -0.00 
1607.38 0.00 
1606.41 -0.00 
1605.45 -0.00 
1604.48 0.00 
1603.52 0.00 
1602.56 -0.00 
1601.59 0.00 
1600.63 -0.00 
1599.66 0.00 
1598.70 -0.00 
1597.73 0.00 
1596.77 -0.00 
1595.81 0.00 
1594.84 0.00 
1593.88 -0.00 
1592.91 -0.00 
1591.95 -0.00 
1590.99 -0.00 
1590.02 -0.00 
1589.06 0.00 
1588.09 0.00 
1587.13 -0.00 
1586.16 -0.00 
1585.20 0.00 
1584.24 0.00 
1583.27 -0.00 
1582.31 0.00 
1581.34 0.00 
1580.38 -0.00 
1579.41 -0.00 
1578.45 0.00 
1577.49 0.01 
1576.52 0.03 
1575.56 -0.03 
1574.59 -0.02 
1573.63 -0.01 
1572.66 -0.00 
1571.70 0.00 
1570.74 0.01 
1569.77 0.03 
1568.81 -0.02 
1567.84 -0.01 
1566.88 -0.00 
1565.92 0.00 
1564.95 0.01 
1563.99 -0.01 
1563.02 -0.00 
1562.06 -0.00 
1561.09 0.02 
1560.13 0.05 
1559.17 -0.00 
1558.20 0.01 
1557.24 -0.04 
1556.27 -0.03 
1555.31 0.00 
1554.34 0.02 
1553.38 -0.03 
1552.42 -0.00 
1551.45 -0.00 
1550.49 0.01 
1549.52 -0.00 
1548.56 -0.01 
1547.59 -0.01 
1546.63 0.00 
1545.67 0.02 
1544.70 -0.01 
1543.74 -0.00 
1542.77 0.02 
1541.81 0.01 
1540.84 0.00 
1539.88 0.01 
1538.92 0.00 
1537.95 -0.03 
1536.99 -0.02 
1536.02 -0.00 
1535.06 0.00 
1534.10 0.02 
1533.13 -0.01 
1532.17 -0.01 
1531.20 -0.01 
1530.24 -0.01 
1529.27 0.01 
1528.31 0.01 
1527.35 0.01 
1526.38 -0.00 
1525.42 0.02 
1524.45 -0.01 
1523.49 0.01 
1522.52 0.01 
1521.56 0.02 
1520.60 -0.01 
1519.63 -0.03 
1518.67 -0.01 
1517.70 0.02 
1516.74 -0.00 
1515.77 -0.01 
1514.81 -0.01 
1513.85 -0.01 
1512.88 0.01 
1511.92 -0.00 
1510.95 -0.01 
1509.99 0.01 
1509.03 0.01 
1508.06 0.01 
1507.10 0.03 
1506.13 -0.00 
1505.17 -0.04 
1504.20 -0.02 
1503.24 -0.00 
1502.28 -0.00 
1501.31 -0.00 
1500.35 0.00 
1499.38 0.02 
1498.42 -0.00 
1497.45 -0.01 
1496.49 0.03 
1495.53 -0.02 
1494.56 -0.01 
1493.60 -0.00 
1492.63 0.00 
1491.67 0.01 
1490.70 0.02 
1489.74 0.00 
1488.78 -0.01 
1487.81 0.00 
1486.85 -0.01 
1485.88 -0.00 
1484.92 -0.00 
1483.96 -0.00 
1482.99 -0.00 
1482.03 0.00 
1481.06 0.00 
1480.10 -0.00 
1479.13 -0.00 
1478.17 0.00 
1477.21 0.01 
1476.24 0.02 
1475.28 -0.01 
1474.31 0.01 
1473.35 0.02 
1472.38 0.01 
1471.42 -0.03 
1470.46 -0.01 
1469.49 -0.01 
1468.53 0.00 
1467.56 0.00 
1466.60 0.00 
1465.63 0.01 
1464.67 0.01 
1463.71 -0.02 
1462.74 -0.00 
1461.78 -0.00 
1460.81 0.00 
1459.85 0.01 
1458.89 0.01 
1457.92 0.01 
1456.96 0.04 
1455.99 -0.04 
1455.03 -0.01 
1454.06 -0.01 
1453.10 -0.00 
1452.14 0.00 
1451.17 -0.00 
1450.21 -0.00 
1449.24 -0.00 
1448.28 0.02 
1447.31 -0.01 
1446.35 -0.00 
1445.39 -0.00 
1444.42 -0.00 
1443.46 -0.00 
1442.49 -0.00 
1441.53 0.00 
1440.56 0.00 
1439.60 0.00 
1438.64 0.00 
1437.67 0.02 
1436.71 0.03 
1435.74 -0.03 
1434.78 -0.01 
1433.82 -0.00 
1432.85 0.00 
1431.89 0.00 
1430.92 0.00 
1429.96 0.01 
1428.99 -0.01 
1428.03 -0.00 
1427.07 -0.00 
1426.10 0.00 
1425.14 -0.00 
1424.17 0.01 
1423.21 -0.01 
1422.24 -0.00 
1421.28 0.00 
1420.32 0.01 
1419.35 0.03 
1418.39 -0.03 
1417.42 -0.00 
1416.46 -0.01 
1415.49 -0.01 
1414.53 -0.00 
1413.57 0.00 
1412.60 -0.00 
1411.64 -0.00 
1410.67 0.00 
1409.71 -0.00 
1408.74 0.00 
1407.78 -0.00 
1406.82 -0.00 
1405.85 0.00 
1404.89 0.00 
1403.92 -0.01 
1402.96 -0.00 
1402.00 0.00 
1401.03 0.00 
1400.07 0.01 
1399.10 0.01 
1398.14 -0.01 
1397.17 -0.00 
1396.21 0.00 
1395.25 0.01 
1394.28 0.00 
1393.32 -0.01 
1392.35 -0.01 
1391.39 -0.00 
1390.42 0.00 
1389.46 0.00 
1388.50 0.01 
1387.53 0.01 
1386.57 -0.01 
1385.60 -0.00 
1384.64 0.00 
1383.67 -0.00 
1382.71 0.00 
1381.75 -0.00 
1380.78 0.00 
1379.82 0.00 
1378.85 -0.00 
1377.89 0.00 
1376.93 -0.00 
1375.96 0.00 
1375.00 0.00 
1374.03 0.00 
1373.07 -0.00 
1372.10 -0.01 
1371.14 -0.00 
1370.18 0.00 
1369.21 0.00 
1368.25 -0.00 
1367.28 -0.00 
1366.32 -0.00 
1365.35 0.00 
1364.39 0.00 
1363.43 0.01 
1362.46 -0.01 
1361.50 0.00 
1360.53 -0.01 
1359.57 -0.00 
1358.60 0.00 
1357.64 0.00 
1356.68 -0.00 
1355.71 -0.00 
1354.75 0.00 
1353.78 -0.00 
1352.82 -0.00 
1351.86 -0.00 
1350.89 0.00 
1349.93 0.00 
1348.96 0.00 
1348.00 0.00 
1347.03 -0.00 
1346.07 -0.00 
1345.11 0.00 
1344.14 -0.00 
1343.18 0.00 
1342.21 0.00 
1341.25 0.00 
1340.28 0.00 
1339.32 -0.00 
1338.36 0.00 
1337.39 -0.00 
1336.43 -0.00 
1335.46 -0.00 
1334.50 0.00 
1333.53 0.00 
1332.57 -0.00 
1331.61 -0.00 
1330.64 0.00 
1329.68 0.00 
1328.71 -0.00 
1327.75 0.00 
1326.79 -0.00 
1325.82 0.00 
1324.86 -0.00 
1323.89 0.00 
1322.93 0.00 
1321.96 -0.00 
1321.00 -0.00 
1320.04 0.00 
1319.07 -0.00 
1318.11 -0.00 
1317.14 0.00 
1316.18 0.00 
1315.21 0.00 
1314.25 -0.00 
1313.29 0.00 
1312.32 0.00 
1311.36 0.00 
1310.39 -0.00 
1309.43 -0.00 
1308.46 0.00 
1307.50 -0.00 
1306.54 0.00 
1305.57 -0.00 
1304.61 -0.00 
1303.64 0.00 
1302.68 -0.00 
1301.72 0.00 
1300.75 -0.00 
1299.79 0.00 
1298.82 0.00 
1297.86 0.00 
1296.89 -0.00 
1295.93 -0.00 
1294.97 0.00 
1294.00 -0.00 
1293.04 -0.00 
1292.07 0.00 
1291.11 0.00 
1290.14 0.00 
1289.18 -0.00 
1288.22 -0.00 
1287.25 -0.00 
1286.29 -0.00 
1285.32 0.00 
1284.36 -0.00 
1283.39 0.00 
1282.43 -0.00 
1281.47 0.00 
1280.50 -0.00 
1279.54 -0.00 
1278.57 -0.00 
1277.61 0.00 
1276.65 -0.00 
1275.68 0.00 
1274.72 0.00 
1273.75 -0.00 
1272.79 -0.00 
1271.82 0.00 
1270.86 0.00 
1269.90 -0.00 
1268.93 0.00 
1267.97 0.00 
1267.00 0.00 
1266.04 -0.00 
1265.07 -0.00 
1264.11 0.00 
1263.15 -0.00 
1262.18 -0.00 
1261.22 0.00 
1260.25 0.00 
1259.29 -0.00 
1258.32 0.00 
1257.36 -0.00 
1256.40 0.00 
1255.43 -0.00 
1254.47 -0.00 
1253.50 0.00 
1252.54 0.00 
1251.57 -0.00 
1250.61 -0.00 
1249.65 0.00 
1248.68 0.00 
1247.72 -0.00 
1246.75 -0.00 
1245.79 0.00 
1244.83 0.00 
1243.86 -0.00 
1242.90 -0.00 
1241.93 0.00 
1240.97 -0.00 
1240.00 0.00 
1239.04 0.00 
1238.08 -0.00 
1237.11 0.00 
1236.15 0.00 
1235.18 -0.00 
1234.22 -0.00 
1233.25 0.00 
1232.29 -0.00 
1231.33 -0.00 
1230.36 0.00 
1229.40 -0.00 
1228.43 0.00 
1227.47 -0.00 
1226.50 -0.00 
1225.54 0.00 
1224.58 0.00 
1223.61 -0.00 
1222.65 0.00 
1221.68 0.00 
1220.72 -0.00 
1219.76 0.00 
1218.79 0.00 
1217.83 0.00 
1216.86 -0.00 
1215.90 0.00 
1214.93 0.00 
1213.97 -0.00 
1213.01 -0.00 
1212.04 0.00 
1211.08 0.00 
1210.11 0.00 
1209.15 0.00 
1208.18 -0.00 
1207.22 0.00 
1206.26 0.00 
1205.29 -0.00 
1204.33 -0.00 
1203.36 0.00 
1202.40 -0.00 
1201.43 0.00 
1200.47 -0.00 
1199.51 0.00 
1198.54 -0.00 
1197.58 0.00 
1196.61 -0.00 
1195.65 0.00 
1194.69 -0.00 
1193.72 -0.00 
1192.76 0.00 
1191.79 0.00 
1190.83 0.00 
1189.86 -0.00 
1188.90 0.00 
1187.94 0.00 
1186.97 -0.00 
1186.01 0.00 
1185.04 -0.00 
1184.08 0.00 
1183.11 0.00 
1182.15 0.00 
1181.19 -0.00 
1180.22 0.00 
1179.26 0.00 
1178.29 0.00 
1177.33 -0.00 
1176.36 -0.00 
1175.40 0.00 
1174.44 0.00 
1173.47 -0.00 
1172.51 -0.00 
1171.54 0.00 
1170.58 0.00 
1169.62 -0.00 
1168.65 -0.00 
1167.69 -0.00 
1166.72 0.00 
1165.76 -0.00 
1164.79 0.00 
1163.83 0.00 
1162.87 -0.00 
1161.90 0.00 
1160.94 -0.00 
1159.97 0.00 
1159.01 -0.00 
1158.04 -0.00 
1157.08 0.00 
1156.12 0.00 
1155.15 0.00 
1154.19 -0.01 
1153.22 0.00 
1152.26 0.00 
1151.29 0.00 
1150.33 -0.00 
1149.37 0.00 
1148.40 -0.00 
1147.44 0.00 
1146.47 -0.00 
1145.51 -0.00 
1144.55 0.00 
1143.58 0.00 
1142.62 -0.00 
1141.65 0.00 
1140.69 0.01 
1139.72 -0.00 
1138.76 -0.00 
1137.80 -0.00 
1136.83 -0.00 
1135.87 0.00 
1134.90 0.00 
1133.94 -0.00 
1132.97 0.00 
1132.01 0.00 
1131.05 -0.00 
1130.08 0.00 
1129.12 0.00 
1128.15 -0.00 
1127.19 0.00 
1126.22 -0.00 
1125.26 -0.00 
1124.30 -0.00 
1123.33 -0.00 
1122.37 0.01 
1121.40 -0.01 
1120.44 -0.01 
1119.47 0.00 
1118.51 0.00 
1117.55 -0.00 
1116.58 -0.00 
1115.62 0.00 
1114.65 0.00 
1113.69 -0.00 
1112.73 0.00 
1111.76 0.00 
1110.80 0.00 
1109.83 -0.00 
1108.87 -0.00 
1107.90 0.00 
1106.94 -0.00 
1105.98 -0.00 
1105.01 0.00 
1104.05 0.00 
1103.08 0.00 
1102.12 0.00 
1101.15 0.00 
1100.19 -0.00 
1099.23 0.00 
1098.26 0.00 
1097.30 -0.00 
1096.33 0.00 
1095.37 -0.01 
1094.40 0.01 
1093.44 -0.00 
1092.48 -0.00 
1091.51 -0.00 
1090.55 -0.00 
1089.58 0.00 
1088.62 -0.00 
1087.66 0.00 
1086.69 -0.00 
1085.73 -0.00 
1084.76 0.00 
1083.80 -0.00 
1082.83 0.00 
1081.87 -0.00 
1080.91 0.00 
1079.94 0.01 
1078.98 -0.00 
1078.01 -0.00 
1077.05 -0.00 
1076.08 0.00 
1075.12 -0.00 
1074.16 -0.00 
1073.19 0.01 
1072.23 -0.01 
1071.26 0.00 
1070.30 -0.00 
1069.33 0.00 
1068.37 0.00 
1067.41 0.00 
1066.44 -0.00 
1065.48 -0.00 
1064.51 0.00 
1063.55 -0.00 
1062.59 0.01 
1061.62 -0.01 
1060.66 0.00 
1059.69 0.00 
1058.73 0.00 
1057.76 -0.00 
1056.80 0.01 
1055.84 -0.01 
1054.87 0.00 
1053.91 0.00 
1052.94 -0.00 
1051.98 0.00 
1051.01 -0.00 
1050.05 0.00 
1049.09 0.01 
1048.12 0.00 
1047.16 -0.00 
1046.19 -0.01 
1045.23 0.01 
1044.26 -0.00 
1043.30 -0.00 
1042.34 0.01 
1041.37 -0.01 
1040.41 -0.00 
1039.44 -0.00 
1038.48 -0.00 
1037.52 0.01 
1036.55 -0.00 
1035.59 -0.00 
1034.62 -0.00 
1033.66 0.00 
1032.69 -0.00 
1031.73 -0.00 
1030.77 0.01 
1029.80 0.00 
1028.84 -0.00 
1027.87 0.00 
1026.91 -0.01 
1025.94 0.00 
1024.98 -0.01 
1024.02 0.01 
1023.05 0.00 
1022.09 0.00 
1021.12 0.00 
1020.16 0.01 
1019.19 -0.01 
1018.23 -0.00 
1017.27 0.00 
1016.30 0.00 
1015.34 -0.00 
1014.37 0.00 
1013.41 -0.01 
1012.45 -0.01 
1011.48 0.01 
1010.52 0.00 
1009.55 -0.00 
1008.59 0.01 
1007.62 -0.00 
1006.66 0.00 
1005.70 -0.01 
1004.73 -0.01 
1003.77 0.01 
1002.80 0.01 
1001.84 -0.01 
1000.87 -0.01 
999.91 -0.00 
998.95 0.00 
997.98 0.01 
997.02 0.00 
996.05 -0.01 
995.09 -0.01 
994.12 0.01 
993.16 0.01 
992.20 -0.00 
991.23 -0.00 
990.27 -0.00 
989.30 -0.00 
988.34 0.00 
987.38 0.01 
986.41 0.00 
985.45 -0.00 
984.48 0.01 
983.52 -0.00 
982.55 -0.00 
981.59 0.02 
980.63 -0.01 
979.66 -0.01 
978.70 -0.02 
977.73 -0.00 
976.77 0.00 
975.80 0.02 
974.84 -0.00 
973.88 -0.00 
972.91 -0.01 
971.95 0.02 
970.98 -0.01 
970.02 0.02 
969.05 -0.00 
968.09 0.00 
967.13 -0.00 
966.16 0.00 
965.20 -0.01 
964.23 -0.01 
963.27 0.02 
962.30 0.00 
961.34 -0.00 
960.38 -0.01 
959.41 -0.03 
958.45 0.04 
957.48 -0.00 
956.52 -0.00 
955.56 0.01 
954.59 -0.00 
953.63 -0.00 
952.66 -0.02 
951.70 0.00 
950.73 0.03 
949.77 -0.01 
948.81 0.01 
947.84 -0.02 
946.88 -0.00 
945.91 -0.00 
944.95 -0.01 
943.98 -0.01 
943.02 -0.01 
942.06 0.05 
941.09 0.00 
940.13 -0.02 
939.16 -0.06 
938.20 0.05 
937.23 0.02 
936.27 -0.01 
935.31 -0.04 
934.34 -0.01 
933.38 0.00 
932.41 0.00 
931.45 -0.06 
930.49 0.02 
929.52 0.07 
928.56 0.00 
927.59 0.02 
926.63 -0.03 
925.66 -0.02 
924.70 -0.03 
923.74 0.08 
922.77 0.05 
921.81 -0.00 
920.84 -0.04 
919.88 -0.09 
918.91 -0.09 
917.95 0.14 
916.99 0.06 
916.02 -0.04 
915.06 -0.01 
914.09 -0.07 
913.13 0.19 
912.16 -0.09 
911.20 -0.01 
910.24 -0.04 
909.27 0.10 
908.31 0.02 
907.34 -0.05 
906.38 -0.12 
905.42 0.07 
904.45 0.21 
903.49 -0.02 
902.52 -0.15 
901.56 -0.03 
900.59 -0.02 
899.63 -0.16 
898.67 0.14 
897.70 0.08 
896.74 -0.05 
895.77 -0.00 
894.81 -0.11 
893.84 0.12 
892.88 -0.02 
891.92 0.05 
890.95 0.05 
889.99 0.06 
889.02 0.04 
888.06 -0.09 
887.09 -0.07 
886.13 -0.26 
885.17 0.08 
884.20 0.22 
883.24 0.14 
882.27 -0.21 
881.31 -0.06 
880.35 0.16 
879.38 0.05 
878.42 -0.11 
877.45 0.01 
876.49 -0.07 
875.52 0.07 
874.56 0.01 
873.60 0.08 
872.63 -0.13 
871.67 -0.08 
870.70 -0.08 
869.74 0.32 
868.77 -0.03 
867.81 0.07 
866.85 -0.23 
865.88 0.04 
864.92 0.03 
863.95 0.25 
862.99 0.00 
862.02 -0.18 
861.06 0.09 
860.10 0.10 
859.13 -0.16 
858.17 0.01 
857.20 -0.36 
856.24 0.29 
855.28 0.06 
854.31 -0.07 
853.35 0.06 
852.38 -0.13 
851.42 0.09 
850.45 -0.05 
849.49 0.03 
848.53 -0.29 
847.56 0.31 
846.60 0.09 
845.63 0.11 
844.67 -0.22 
843.70 -0.06 
842.74 0.11 
841.78 0.05 
840.81 -0.11 
839.85 0.05 
838.88 0.03 
837.92 -0.15 
836.95 0.05 
835.99 0.02 
835.03 -0.02 
834.06 -0.01 
833.10 -0.10 
832.13 0.07 
831.17 -0.03 
830.20 -0.20 
829.24 -0.02 
828.28 0.33 
827.31 0.00 
826.35 0.04 
825.38 -0.17 
824.42 0.08 
823.46 0.34 
822.49 -0.23 
821.53 -0.12 
820.56 0.04 
819.60 -0.03 
818.63 -0.05 
817.67 -0.09 
816.71 -0.15 
815.74 0.22 
814.78 0.15 
813.81 -0.12 
812.85 -0.04 
811.88 0.10 
810.92 0.06 
809.96 0.09 
808.99 -0.12 
808.03 -0.08 
807.06 0.05 
806.10 0.05 
805.13 0.04 
804.17 0.04 
803.21 -0.04 
802.24 -0.20 
801.28 -0.07 
800.31 -0.06 
799.35 0.22 
798.39 0.09 
797.42 -0.05 
796.46 0.06 
795.49 -0.17 
794.53 0.05 
793.56 0.17 
792.60 -0.14 
791.64 -0.06 
790.67 0.01 
789.71 -0.09 
788.74 0.16 
787.78 -0.15 
786.81 0.28 
785.85 -0.06 
784.89 -0.02 
783.92 -0.06 
782.96 -0.03 
781.99 0.16 
781.03 -0.07 
780.06 -0.19 
779.10 0.15 
778.14 0.11 
777.17 0.10 
776.21 -0.12 
775.24 -0.21 
774.28 -0.05 
773.32 0.17 
772.35 -0.18 
771.39 0.22 
770.42 -0.27 
769.46 0.08 
768.49 -0.13 
767.53 0.33 
766.57 -0.01 
765.60 -0.14 
764.64 -0.10 
763.67 0.09 
762.71 -0.02 
761.74 0.19 
760.78 -0.02 
759.82 -0.03 
758.85 -0.08 
757.89 -0.01 
756.92 0.12 
755.96 0.08 
754.99 -0.13 
754.03 0.04 
753.07 -0.02 
752.10 -0.06 
751.14 0.03 
750.17 0.08 
749.21 -0.00 
748.25 0.06 
747.28 -0.02 
746.32 -0.22 
745.35 0.19 
744.39 -0.14 
743.42 -0.05 
742.46 0.10 
741.50 -0.25 
740.53 -0.10 
739.57 0.29 
738.60 0.24 
737.64 -0.06 
736.67 -0.15 
735.71 -0.07 
734.75 0.31 
733.78 -0.06 
732.82 -0.03 
731.85 0.10 
730.89 -0.14 
729.92 0.08 
728.96 -0.16 
728.00 0.11 
727.03 -0.05 
726.07 -0.03 
725.10 0.11 
724.14 -0.02 
723.18 -0.13 
722.21 -0.01 
721.25 0.08 
720.28 0.19 
719.32 -0.09 
718.35 -0.14 
717.39 0.20 
716.43 -0.10 
715.46 -0.06 
714.50 -0.28 
713.53 -0.06 
712.57 0.30 
711.60 0.07 
710.64 -0.02 
709.68 -0.41 
708.71 -0.27 
707.75 0.24 
706.78 0.22 
705.82 0.32 
704.85 -0.15 
703.89 -0.14 
702.93 -0.35 
701.96 0.17 
701.00 0.43 
700.03 -0.01 
699.07 0.03 
698.10 -0.01 
697.14 -0.22 
696.18 0.00 
695.21 0.06 
694.25 0.09 
693.28 0.21 
692.32 -0.19 
691.36 -0.07 
690.39 -0.07 
689.43 -0.06 
688.46 0.10 
687.50 -0.00 
686.53 0.14 
685.57 -0.11 
684.61 -0.04 
683.64 -0.03 
682.68 0.13 
681.71 -0.00 
680.75 -0.17 
679.78 0.08 
678.82 -0.02 
677.86 -0.04 
676.89 -0.01 
675.93 -0.13 
674.96 0.18 
674.00 -0.07 
673.03 -0.01 
672.07 0.04 
671.11 0.05 
670.14 -0.02 
669.18 0.10 
668.21 -0.11 
667.25 -0.01 
666.29 0.01 
665.32 -0.01 
664.36 0.18 
663.39 -0.06 
662.43 -0.09 
661.46 -0.05 
660.50 -0.09 
659.54 0.27 
658.57 -0.00 
657.61 0.00 
656.64 -0.01 
655.68 -0.11 
654.71 0.04 
653.75 -0.03 
652.79 0.05 
651.82 -0.05 
650.86 0.02 
649.89 0.07 
648.93 0.11 
647.96 -0.16 
647.00 0.02 
646.04 -0.20 
645.07 0.08 
644.11 -0.03 
643.14 0.19 
642.18 -0.01 
641.22 -0.03 
640.25 -0.48 
639.29 0.20 
638.32 0.13 
637.36 0.21 
636.39 0.14 
635.43 -0.02 
634.47 -0.20 
633.50 0.02 
632.54 -0.13 
631.57 -0.23 
630.61 0.40 
629.64 -0.02 
628.68 0.02 
627.72 -0.08 
626.75 -0.17 
625.79 -0.21 
624.82 0.51 
623.86 -0.21 
622.89 0.17 
621.93 -0.41 
620.97 0.04 
620.00 0.22 
619.04 0.23 
618.07 -0.18 
617.11 -0.19 
616.15 -0.15 
615.18 0.21 
614.22 0.17 
613.25 -0.12 
612.29 0.05 
611.32 0.03 
610.36 0.03 
609.40 -0.10 
608.43 0.13 
607.47 -0.05 
606.50 0.00 
605.54 0.07 
604.57 -0.28 
603.61 -0.09 
602.65 0.23 
601.68 0.06 
600.72 0.03 
