# IR Spectrum
# X-Axis:  Frequency (cm-1)
# Y-Axis:  Epsilon
#                  X                   Y               DY/DX
        0.0000000000        0.0000000000        0.0000000000
        7.0000000000        0.0000000000        0.0000000000
       14.0000000000        0.0000000000        0.0000000000
       21.0000000000        0.0000000000        0.0000000000
       28.0000000000        0.0000000000        0.0000000000
       35.0000000000        0.0000000000        0.0000000000
       42.0000000000        0.0000000000        0.0000000000
       49.0000000000        0.0000000000        0.0000000000
       56.0000000000        0.0003184878        0.0000039913
       63.0000000000        0.0003483787        0.0000045661
       70.0000000000        0.0003826827        0.0000052567
       77.0000000000        0.0004223130        0.0000060938
       84.0000000000        0.0071765952        0.0000912211
       91.0000000000        0.0078605577        0.0001046051
       98.0000000000        0.0086474980        0.0001207517
      105.0000000000        0.0095592704        0.0001404165
      112.0000000000        0.0106238867        0.0001646186
      119.0000000000        0.0118777389        0.0001947567
      126.0000000000        0.0133688299        0.0002327861
      133.0000000000        0.0151615773        0.0002815001
      140.0000000000        0.0173441481        0.0003449883
      147.0000000000        0.0200400135        0.0004294159
      154.0000000000        0.0234268332        0.0005444054
      161.0000000000        0.0277687458        0.0007056306
      168.0000000000        0.0334747922        0.0009400448
      175.0000000000        0.0412127203        0.0012974480
      182.0000000000        0.0521541395        0.0018795718
      189.0000000000        0.0685849951        0.0029278555
      196.0000000000        0.0958020453        0.0051708767
      203.0000000000        0.1505292012        0.0119119912
      210.0000000000        0.3262867825        0.0507015343
      217.0000000000        0.6822766241       -0.0556050944
      224.0000000000        0.5254913220        0.0252103092
      231.0000000000        1.0331995563        0.1422854651
      238.0000000000        3.7726468645        0.8960732466
      245.0000000000        9.2369410147       -1.5750818628
      252.0000000000        1.9106941001       -0.3651162389
      259.0000000000        0.6638248542       -0.0796400849
      266.0000000000        0.3276577892       -0.0279952358
      273.0000000000        0.1939495158       -0.0128016864
      280.0000000000        0.1279472076       -0.0068684129
      287.0000000000        0.0906674558       -0.0040986033
      294.0000000000        0.0675883383       -0.0026378479
      301.0000000000        0.0523198559       -0.0017962276
      308.0000000000        0.0416981279       -0.0012777161
      315.0000000000        0.0340124272       -0.0009410457
      322.0000000000        0.0282723858       -0.0007130128
      329.0000000000        0.0238725297       -0.0005531061
      336.0000000000        0.0204258227       -0.0004376691
      343.0000000000        0.0176755025       -0.0003522560
      350.0000000000        0.0154457974       -0.0002877056
      357.0000000000        0.0136130960       -0.0002380166
      364.0000000000        0.0120884169       -0.0001991460
      371.0000000000        0.0108063857       -0.0001683020
      378.0000000000        0.0094113369       -0.0001397418
      385.0000000000        0.0085044186       -0.0001200424
      392.0000000000        0.0077225157       -0.0001038776
      399.0000000000        0.0070436685       -0.0000904890
      406.0000000000        0.0000000000        0.0000000000
      413.0000000000        0.0000000000        0.0000000000
      420.0000000000        0.0000000000        0.0000000000
      427.0000000000        0.0000000000        0.0000000000
      434.0000000000        0.0000000000        0.0000000000
      441.0000000000        0.0000000000        0.0000000000
      448.0000000000        0.0000000000        0.0000000000
      455.0000000000        0.0000000000        0.0000000000
      462.0000000000        0.0000000000        0.0000000000
      469.0000000000        0.0000000000        0.0000000000
      476.0000000000        0.0000000000        0.0000000000
      483.0000000000        0.0000000000        0.0000000000
      490.0000000000        0.0000000000        0.0000000000
      497.0000000000        0.0000000000        0.0000000000
      504.0000000000        0.0000000000        0.0000000000
      511.0000000000        0.0000000000        0.0000000000
      518.0000000000        0.0000000000        0.0000000000
      525.0000000000        0.0000000000        0.0000000000
      532.0000000000        0.0000000000        0.0000000000
      539.0000000000        0.0000000000        0.0000000000
      546.0000000000        0.0000000000        0.0000000000
      553.0000000000        0.0000000000        0.0000000000
      560.0000000000        0.0000000000        0.0000000000
      567.0000000000        0.0000000000        0.0000000000
      574.0000000000        0.0000000000        0.0000000000
      581.0000000000        0.0000000000        0.0000000000
      588.0000000000        0.0000000000        0.0000000000
      595.0000000000        0.0000000000        0.0000000000
      602.0000000000        0.0000000000        0.0000000000
      609.0000000000        0.0000000000        0.0000000000
      616.0000000000        0.0000000000        0.0000000000
      623.0000000000        0.0000000000        0.0000000000
      630.0000000000        0.0000000000        0.0000000000
      637.0000000000        0.0000000000        0.0000000000
      644.0000000000        0.0000000000        0.0000000000
      651.0000000000        0.0000000000        0.0000000000
      658.0000000000        0.0000000000        0.0000000000
      665.0000000000        0.0000000000        0.0000000000
      672.0000000000        0.0000000000        0.0000000000
      679.0000000000        0.0000000000        0.0000000000
      686.0000000000        0.0000000000        0.0000000000
      693.0000000000        0.0000000000        0.0000000000
      700.0000000000        0.0000000000        0.0000000000
      707.0000000000        0.0000000000        0.0000000000
      714.0000000000        0.2664687383        0.0034386368
      721.0000000000        0.2922735613        0.0039499098
      728.0000000000        0.3220155685        0.0045677467
      735.0000000000        0.3565381708        0.0053214133
      742.0000000000        0.3969232527        0.0062503710
      749.0000000000        0.4445768770        0.0074086722
      756.0000000000        0.5013531839        0.0088716595
      763.0000000000        0.5697372429        0.0107464226
      770.0000000000        0.6531212159        0.0131885585
      777.0000000000        0.7562324642        0.0164298467
      784.0000000000        1.0539438916        0.0229894722
      791.0000000000        1.2361322165        0.0294230856
      798.0000000000        1.4721407959        0.0385667153
      805.0000000000        1.7860596873        0.0520342974
      812.0000000000        2.2173450414        0.0727541055
      819.0000000000        2.8343585418        0.1064106909
      826.0000000000        3.7641978801        0.1650160945
      833.0000000000        5.2657032989        0.2768955247
      840.0000000000        7.9346649067        0.5194635115
      847.0000000000       13.4023745354        1.1536026546
      854.0000000000       27.4924207153        3.3890961018
      861.0000000000       82.5366603725       16.5378382493
      868.0000000000      382.0437699149       40.0977175904
      875.0000000000      120.6883334956      -27.3842620504
      882.0000000000       35.2379131866       -4.7010171696
      889.0000000000       16.7969289713       -1.3908578047
      896.0000000000       10.6595139756       -0.5161020886
      903.0000000000        8.4645372770       -0.1476711462
      910.0000000000        8.3911511338        0.1307049999
      917.0000000000       10.6566011176        0.5746964421
      924.0000000000       18.3429394917        1.9140334744
      931.0000000000       49.5670770726        9.3264558403
      938.0000000000      231.1198960123       33.4497749141
      945.0000000000       84.5002086007      -19.6202024975
      952.0000000000       23.7622633712       -3.2913617824
      959.0000000000       10.8124082709       -0.9943934796
      966.0000000000        6.2373502263       -0.4210833013
      973.0000000000        4.1089376498       -0.2172066225
      980.0000000000        2.9414334999       -0.1272405914
      987.0000000000        2.2275080595       -0.0814021979
      994.0000000000        1.7561751540       -0.0555307623
     1001.0000000000        1.4268571489       -0.0397697455
     1008.0000000000        1.1865504985       -0.0295838246
     1015.0000000000        1.0050905774       -0.0226846050
     1022.0000000000        0.8642338873       -0.0178300373
     1029.0000000000        0.5030535078       -0.0111924170
     1036.0000000000        0.4329879527       -0.0089387428
     1043.0000000000        0.3765964100       -0.0072514584
     1050.0000000000        0.3305404331       -0.0059633113
     1057.0000000000        0.2924411912       -0.0049629635
     1064.0000000000        0.2605666383       -0.0041743495
     1071.0000000000        0.2336314716       -0.0035443018
     1078.0000000000        0.2106657026       -0.0030348981
     1085.0000000000        0.1909262106       -0.0026185967
     1092.0000000000        0.1738359379       -0.0022750675
     1099.0000000000        0.2033941622       -0.0014303458
     1106.0000000000        0.0486380818        0.0006394533
     1113.0000000000        0.0534432358        0.0007364927
     1120.0000000000        0.0589970855        0.0008541969
     1127.0000000000        0.0654635973        0.0009983710
     1134.0000000000        0.0730541934        0.0011768915
     1141.0000000000        0.0820452334        0.0014006219
     1148.0000000000        0.0928034945        0.0016848224
     1155.0000000000        0.1058241198        0.0020513716
     1162.0000000000        0.1217885240        0.0025323720
     1169.0000000000        0.1416552101        0.0031761814
     1176.0000000000        0.1668067277        0.0040578777
     1183.0000000000        0.1992962011        0.0052981777
     1190.0000000000        0.2422786030        0.0070993305
     1197.0000000000        0.3008034807        0.0098171994
     1204.0000000000        0.3833610490        0.0141162404
     1211.0000000000        0.5051239920        0.0213317045
     1218.0000000000        0.6953888743        0.0344094239
     1225.0000000000        1.0167725878        0.0606969093
     1232.0000000000        1.6231359260        0.1218861398
     1239.0000000000        2.9779093422        0.2998905086
     1246.0000000000        7.0102519578        1.0502282545
     1253.0000000000       27.3090882082        6.6552532281
     1260.0000000000       56.4495827341      -11.2261453271
     1267.0000000000       11.6360990480       -2.1622851734
     1274.0000000000        4.1443658273       -0.4880757391
     1281.0000000000        2.0670942337       -0.1746039609
     1288.0000000000        1.2294410138       -0.0805795435
     1295.0000000000        0.8129340214       -0.0434561974
     1302.0000000000        0.5767099375       -0.0260100915
     1309.0000000000        0.4301143353       -0.0167701786
     1316.0000000000        0.3329914717       -0.0114317605
     1323.0000000000        0.2653699569       -0.0081367477
     1330.0000000000        0.2164176268       -0.0059946509
     1337.0000000000        0.1798498141       -0.0045425866
     1344.0000000000        0.1518182975       -0.0035237995
     1351.0000000000        0.1298604271       -0.0027880992
     1358.0000000000        0.1123411624       -0.0022436523
     1365.0000000000        0.0981405731       -0.0018321625
     1372.0000000000        0.0864707664       -0.0015154136
     1379.0000000000        0.0767644353       -0.0012676440
     1386.0000000000        0.0686047175       -0.0010710591
     1393.0000000000        0.0616797525       -0.0009130989
     1400.0000000000        0.0557524795       -0.0007847268
     1407.0000000000        0.0506401020       -0.0006793285
     1414.0000000000        0.0461998398       -0.0005919873
     1421.0000000000        0.0000000000        0.0000000000
     1428.0000000000        0.0000000000        0.0000000000
     1435.0000000000        0.0000000000        0.0000000000
     1442.0000000000        0.0000000000        0.0000000000
     1449.0000000000        0.0000000000        0.0000000000
     1456.0000000000        0.0000000000        0.0000000000
     1463.0000000000        0.0000000000        0.0000000000
     1470.0000000000        0.0000000000        0.0000000000
     1477.0000000000        0.0000000000        0.0000000000
     1484.0000000000        0.0000000000        0.0000000000
     1491.0000000000        0.0000000000        0.0000000000
     1498.0000000000        0.0000000000        0.0000000000
     1505.0000000000        0.0000000000        0.0000000000
     1512.0000000000        0.0000000000        0.0000000000
     1519.0000000000        0.0000000000        0.0000000000
     1526.0000000000        0.0000000000        0.0000000000
     1533.0000000000        0.0000000000        0.0000000000
     1540.0000000000        0.0000000000        0.0000000000
     1547.0000000000        0.0000000000        0.0000000000
     1554.0000000000        0.0000000000        0.0000000000
     1561.0000000000        0.0000000000        0.0000000000
     1568.0000000000        0.0000000000        0.0000000000
     1575.0000000000        0.0000000000        0.0000000000
     1582.0000000000        0.0000000000        0.0000000000
     1589.0000000000        0.0000000000        0.0000000000
     1596.0000000000        0.0000000000        0.0000000000
     1603.0000000000        0.0000000000        0.0000000000
     1610.0000000000        0.0000000000        0.0000000000
     1617.0000000000        0.0000000000        0.0000000000
     1624.0000000000        0.0000000000        0.0000000000
     1631.0000000000        0.0000000000        0.0000000000
     1638.0000000000        0.0000000000        0.0000000000
     1645.0000000000        0.0000000000        0.0000000000
     1652.0000000000        0.0000000000        0.0000000000
     1659.0000000000        0.0000000000        0.0000000000
     1666.0000000000        0.0000000000        0.0000000000
     1673.0000000000        0.0000000000        0.0000000000
     1680.0000000000        0.0000000000        0.0000000000
     1687.0000000000        0.0000000000        0.0000000000
     1694.0000000000        0.0000000000        0.0000000000
     1701.0000000000        0.0000000000        0.0000000000
     1708.0000000000        0.0000000000        0.0000000000
     1715.0000000000        0.0000000000        0.0000000000
     1722.0000000000        0.0000000000        0.0000000000
     1729.0000000000        0.0000000000        0.0000000000
     1736.0000000000        0.0000000000        0.0000000000
     1743.0000000000        0.0000000000        0.0000000000
     1750.0000000000        0.0000000000        0.0000000000
     1757.0000000000        0.0000000000        0.0000000000
     1764.0000000000        0.0000000000        0.0000000000
     1771.0000000000        0.0000000000        0.0000000000
     1778.0000000000        0.0000000000        0.0000000000
     1785.0000000000        0.0000000000        0.0000000000
     1792.0000000000        0.0000000000        0.0000000000
     1799.0000000000        0.0000000000        0.0000000000
     1806.0000000000        0.0000000000        0.0000000000
     1813.0000000000        0.0000000000        0.0000000000
     1820.0000000000        0.0000000000        0.0000000000
     1827.0000000000        0.0000000000        0.0000000000
     1834.0000000000        0.0000000000        0.0000000000
     1841.0000000000        0.0000000000        0.0000000000
     1848.0000000000        0.0000000000        0.0000000000
     1855.0000000000        0.0000000000        0.0000000000
     1862.0000000000        0.0000000000        0.0000000000
     1869.0000000000        0.0000000000        0.0000000000
     1876.0000000000        0.0000000000        0.0000000000
     1883.0000000000        0.0000000000        0.0000000000
     1890.0000000000        0.0000000000        0.0000000000
     1897.0000000000        0.0000000000        0.0000000000
     1904.0000000000        0.0000000000        0.0000000000
     1911.0000000000        0.0000000000        0.0000000000
     1918.0000000000        0.0000000000        0.0000000000
     1925.0000000000        0.0000000000        0.0000000000
     1932.0000000000        0.0000000000        0.0000000000
     1939.0000000000        0.0000000000        0.0000000000
     1946.0000000000        0.0000000000        0.0000000000
     1953.0000000000        0.0000000000        0.0000000000
     1960.0000000000        0.0000000000        0.0000000000
     1967.0000000000        0.0000000000        0.0000000000
     1974.0000000000        0.0000000000        0.0000000000
     1981.0000000000        0.0000000000        0.0000000000
     1988.0000000000        0.0000000000        0.0000000000
     1995.0000000000        0.0000000000        0.0000000000
     2002.0000000000        0.0000000000        0.0000000000
     2009.0000000000        0.0000000000        0.0000000000
     2016.0000000000        0.0000000000        0.0000000000
     2023.0000000000        0.0000000000        0.0000000000
     2030.0000000000        0.0000000000        0.0000000000
     2037.0000000000        0.0000000000        0.0000000000
     2044.0000000000        0.0000000000        0.0000000000
     2051.0000000000        0.0000000000        0.0000000000
     2058.0000000000        0.0000000000        0.0000000000
     2065.0000000000        0.0000000000        0.0000000000
     2072.0000000000        0.0000000000        0.0000000000
     2079.0000000000        0.0000000000        0.0000000000
     2086.0000000000        0.0000000000        0.0000000000
     2093.0000000000        0.0000000000        0.0000000000
     2100.0000000000        0.0000000000        0.0000000000
     2107.0000000000        0.0000000000        0.0000000000
     2114.0000000000        0.0000000000        0.0000000000
     2121.0000000000        0.0000000000        0.0000000000
     2128.0000000000        0.0000000000        0.0000000000
     2135.0000000000        0.0000000000        0.0000000000
     2142.0000000000        0.0000000000        0.0000000000
     2149.0000000000        0.0000000000        0.0000000000
     2156.0000000000        0.0000000000        0.0000000000
     2163.0000000000        0.0000000000        0.0000000000
     2170.0000000000        0.0000000000        0.0000000000
     2177.0000000000        0.0000000000        0.0000000000
     2184.0000000000        0.0000000000        0.0000000000
     2191.0000000000        0.0000000000        0.0000000000
     2198.0000000000        0.0000000000        0.0000000000
     2205.0000000000        0.0000000000        0.0000000000
     2212.0000000000        0.0000000000        0.0000000000
     2219.0000000000        0.0000000000        0.0000000000
     2226.0000000000        0.0000000000        0.0000000000
     2233.0000000000        0.0000000000        0.0000000000
     2240.0000000000        0.0000000000        0.0000000000
     2247.0000000000        0.0000000000        0.0000000000
     2254.0000000000        0.0000000000        0.0000000000
     2261.0000000000        0.0000000000        0.0000000000
     2268.0000000000        0.0000000000        0.0000000000
     2275.0000000000        0.0000000000        0.0000000000
     2282.0000000000        0.0000000000        0.0000000000
     2289.0000000000        0.0000000000        0.0000000000
     2296.0000000000        0.0000000000        0.0000000000
     2303.0000000000        0.0000000000        0.0000000000
     2310.0000000000        0.0000000000        0.0000000000
     2317.0000000000        0.0000000000        0.0000000000
     2324.0000000000        0.0000000000        0.0000000000
     2331.0000000000        0.0000000000        0.0000000000
     2338.0000000000        0.0000000000        0.0000000000
     2345.0000000000        0.0000000000        0.0000000000
     2352.0000000000        0.0000000000        0.0000000000
     2359.0000000000        0.0000000000        0.0000000000
     2366.0000000000        0.0000000000        0.0000000000
     2373.0000000000        0.0000000000        0.0000000000
     2380.0000000000        0.0000000000        0.0000000000
     2387.0000000000        0.0000000000        0.0000000000
     2394.0000000000        0.0000000000        0.0000000000
     2401.0000000000        0.0000000000        0.0000000000
     2408.0000000000        0.0000000000        0.0000000000
     2415.0000000000        0.0000000000        0.0000000000
     2422.0000000000        0.0000000000        0.0000000000
     2429.0000000000        0.0000000000        0.0000000000
     2436.0000000000        0.0000000000        0.0000000000
     2443.0000000000        0.0000000000        0.0000000000
     2450.0000000000        0.0000000000        0.0000000000
     2457.0000000000        0.0000000000        0.0000000000
     2464.0000000000        0.0000000000        0.0000000000
     2471.0000000000        0.0000000000        0.0000000000
     2478.0000000000        0.0000000000        0.0000000000
     2485.0000000000        0.0000000000        0.0000000000
     2492.0000000000        0.0000000000        0.0000000000
     2499.0000000000        0.0000000000        0.0000000000
     2506.0000000000        0.0000000000        0.0000000000
     2513.0000000000        0.0000000000        0.0000000000
     2520.0000000000        0.0000000000        0.0000000000
     2527.0000000000        0.0000000000        0.0000000000
     2534.0000000000        0.0000000000        0.0000000000
     2541.0000000000        0.0000000000        0.0000000000
     2548.0000000000        0.0000000000        0.0000000000
     2555.0000000000        0.0000000000        0.0000000000
     2562.0000000000        0.0000000000        0.0000000000
     2569.0000000000        0.0000000000        0.0000000000
     2576.0000000000        0.0000000000        0.0000000000
     2583.0000000000        0.0000000000        0.0000000000
     2590.0000000000        0.0000000000        0.0000000000
     2597.0000000000        0.0000000000        0.0000000000
     2604.0000000000        0.0000000000        0.0000000000
     2611.0000000000        0.0000000000        0.0000000000
     2618.0000000000        0.0000000000        0.0000000000
     2625.0000000000        0.0000000000        0.0000000000
     2632.0000000000        0.0000000000        0.0000000000
     2639.0000000000        0.0000000000        0.0000000000
     2646.0000000000        0.0000000000        0.0000000000
     2653.0000000000        0.0000000000        0.0000000000
     2660.0000000000        0.0000000000        0.0000000000
     2667.0000000000        0.0000000000        0.0000000000
     2674.0000000000        0.0000000000        0.0000000000
     2681.0000000000        0.0000000000        0.0000000000
     2688.0000000000        0.0000000000        0.0000000000
     2695.0000000000        0.0000000000        0.0000000000
     2702.0000000000        0.0000000000        0.0000000000
     2709.0000000000        0.0000000000        0.0000000000
     2716.0000000000        0.0000000000        0.0000000000
     2723.0000000000        0.0000000000        0.0000000000
     2730.0000000000        0.0000000000        0.0000000000
     2737.0000000000        0.0000000000        0.0000000000
     2744.0000000000        0.0000000000        0.0000000000
     2751.0000000000        0.0000000000        0.0000000000
     2758.0000000000        0.0000000000        0.0000000000
     2765.0000000000        0.0000000000        0.0000000000
     2772.0000000000        0.0000000000        0.0000000000
     2779.0000000000        0.0000000000        0.0000000000
     2786.0000000000        0.0000000000        0.0000000000
     2793.0000000000        0.0000000000        0.0000000000
     2800.0000000000        0.0000000000        0.0000000000
     2807.0000000000        0.0000000000        0.0000000000
     2814.0000000000        0.0000000000        0.0000000000
     2821.0000000000        0.0000000000        0.0000000000
     2828.0000000000        0.0000000000        0.0000000000
     2835.0000000000        0.0000000000        0.0000000000
     2842.0000000000        0.0000000000        0.0000000000
     2849.0000000000        0.0000000000        0.0000000000
     2856.0000000000        0.0000000000        0.0000000000
     2863.0000000000        0.0000000000        0.0000000000
     2870.0000000000        0.0000000000        0.0000000000
     2877.0000000000        0.0000000000        0.0000000000
     2884.0000000000        0.0000000000        0.0000000000
     2891.0000000000        0.0000000000        0.0000000000
     2898.0000000000        0.0000000000        0.0000000000
     2905.0000000000        0.0000000000        0.0000000000
     2912.0000000000        0.0000000000        0.0000000000
     2919.0000000000        0.0000000000        0.0000000000
     2926.0000000000        0.0000000000        0.0000000000
     2933.0000000000        0.0000000000        0.0000000000
     2940.0000000000        0.0000000000        0.0000000000
     2947.0000000000        0.0000000000        0.0000000000
     2954.0000000000        0.0000000000        0.0000000000
     2961.0000000000        0.0000000000        0.0000000000
     2968.0000000000        0.0000000000        0.0000000000
     2975.0000000000        0.0000000000        0.0000000000
     2982.0000000000        0.0000000000        0.0000000000
     2989.0000000000        0.0000000000        0.0000000000
     2996.0000000000        0.0000000000        0.0000000000
     3003.0000000000        0.0000000000        0.0000000000
     3010.0000000000        0.0000000000        0.0000000000
     3017.0000000000        0.0000000000        0.0000000000
     3024.0000000000        0.0000000000        0.0000000000
     3031.0000000000        0.0000000000        0.0000000000
     3038.0000000000        0.0000000000        0.0000000000
     3045.0000000000        0.0000000000        0.0000000000
     3052.0000000000        0.0000000000        0.0000000000
     3059.0000000000        0.0000000000        0.0000000000
     3066.0000000000        0.0000000000        0.0000000000
     3073.0000000000        0.0000000000        0.0000000000
     3080.0000000000        0.0000000000        0.0000000000
     3087.0000000000        0.0000000000        0.0000000000
     3094.0000000000        0.0000000000        0.0000000000
     3101.0000000000        0.0000000000        0.0000000000
     3108.0000000000        0.0352164805        0.0004544839
     3115.0000000000        0.0386271165        0.0005220642
     3122.0000000000        0.0425581758        0.0006037315
     3129.0000000000        0.0471211518        0.0007033547
     3136.0000000000        0.0524590653        0.0008261510
     3143.0000000000        0.0587577963        0.0009792666
     3150.0000000000        0.0662624669        0.0011726630
     3157.0000000000        0.0753016184        0.0014204994
     3164.0000000000        0.0863237302        0.0017433497
     3171.0000000000        0.0999538317        0.0021718622
     3178.0000000000        0.1170839055        0.0027530135
     3185.0000000000        0.1390222378        0.0035612179
     3192.0000000000        0.1677500563        0.0047189754
     3199.0000000000        0.2063833701        0.0064373391
     3206.0000000000        0.2600510275        0.0091004028
     3213.0000000000        0.3376789918        0.0134557499
     3220.0000000000        0.4559274556        0.0210865588
     3227.0000000000        0.6488382702        0.0357326663
     3234.0000000000        0.9949787559        0.0676294910
     3241.0000000000        1.7099196874        0.1513083482
     3248.0000000000        3.5644939581        0.4470656328
     3255.0000000000       10.8445270490        2.1901089088
     3262.0000000000       50.4392461788        5.2385966860
     3269.0000000000       15.7766060144       -3.6102075928
     3276.0000000000        4.4865203312       -0.6253686430
     3283.0000000000        2.0066600289       -0.1917987489
     3290.0000000000        1.1239277700       -0.0810927645
     3297.0000000000        0.7157791354       -0.0413761924
     3304.0000000000        0.4949596157       -0.0238426673
     3311.0000000000        0.3623713007       -0.0149547913
     3318.0000000000        0.2766420268       -0.0099834683
     3325.0000000000        0.2180594752       -0.0069905056
     3332.0000000000        0.1762743339       -0.0050827901
     3339.0000000000        0.1454335571       -0.0038101551
     3346.0000000000        0.1220263037       -0.0029290201
     3353.0000000000        0.1038436430       -0.0022997835
     3360.0000000000        0.0894397086       -0.0018385352
     3367.0000000000        0.0778360597       -0.0014927787
     3374.0000000000        0.0683514808       -0.0012285281
     3381.0000000000        0.0604999038       -0.0010231223
     3388.0000000000        0.0539269944       -0.0008610570
     3395.0000000000        0.0483695330       -0.0007314814
     3402.0000000000        0.0436286864       -0.0006266473
     3409.0000000000        0.0395519974       -0.0005409216
     3416.0000000000        0.0360209879       -0.0004701427
     3423.0000000000        0.0000000000        0.0000000000
     3430.0000000000        0.0000000000        0.0000000000
     3437.0000000000        0.0000000000        0.0000000000
     3444.0000000000        0.0000000000        0.0000000000
     3451.0000000000        0.0000000000        0.0000000000
     3458.0000000000        0.0000000000        0.0000000000
     3465.0000000000        0.0000000000        0.0000000000
     3472.0000000000        0.0000000000        0.0000000000
     3479.0000000000        0.0000000000        0.0000000000
     3486.0000000000        0.0000000000        0.0000000000
     3493.0000000000        0.0000000000        0.0000000000
