-0.083394
-0.084673
-0.085674
-0.086893
-0.088747
-0.089849
-0.091226
-0.092582
-0.093640
-0.094645
-0.096287
-0.097744
-0.098584
-0.099860
-0.101296
-0.102513
-0.103860
-0.104790
-0.106352
-0.107120
-0.108735
-0.109827
-0.110979
-0.111834
-0.112925
-0.114359
-0.115050
-0.116709
-0.117622
-0.118841
-0.119949
-0.121007
-0.122043
-0.123138
-0.124174
-0.125301
-0.126624
-0.127382
-0.128114
-0.129624
-0.130562
-0.131707
-0.132289
-0.133270
-0.134564
-0.135284
-0.136280
-0.136978
-0.137972
-0.138993
-0.140059
-0.140722
-0.141670
-0.142263
-0.143485
-0.144455
-0.145166
-0.146069
-0.146828
-0.147829
-0.148496
-0.149322
-0.150401
-0.151436
-0.152084
-0.153069
-0.153789
-0.154770
-0.155860
-0.156668
-0.157754
-0.158458
-0.159440
-0.160174
-0.161217
-0.162280
-0.163196
-0.164237
-0.164870
-0.165962
-0.166821
-0.167470
-0.168547
-0.169349
-0.170139
-0.170741
-0.170990
-0.172129
-0.172415
-0.173084
-0.173669
-0.174036
-0.174650
-0.174960
-0.175293
-0.175854
-0.175764
-0.175784
-0.176238
-0.175812
-0.175917
-0.175633
-0.175710
-0.175420
-0.175222
-0.174513
-0.174202
-0.173786
-0.172871
-0.172609
-0.171759
-0.170674
-0.169954
-0.169029
-0.167864
-0.166877
-0.165731
-0.164446
-0.162955
-0.161629
-0.160473
-0.158753
-0.157048
-0.155661
-0.154005
-0.152015
-0.150379
-0.148177
-0.146489
-0.144233
-0.142201
-0.139988
-0.137901
-0.135276
-0.133163
-0.130977
-0.128467
-0.125774
-0.122815
-0.120495
-0.117515
-0.115155
-0.111676
-0.109196
-0.105881
-0.102941
-0.099992
-0.096543
-0.093360
-0.090119
-0.086746
-0.083879
-0.080384
-0.077148
-0.074107
-0.070757
-0.067264
-0.064140
-0.061041
-0.057472
-0.054420
-0.050893
-0.047681
-0.044586
-0.041210
-0.038184
-0.035126
-0.031941
-0.029149
-0.025743
-0.022659
-0.019836
-0.016981
-0.014363
-0.011994
-0.009086
-0.006376
-0.003684
-0.001372
0.001418
0.003622
0.005897
0.008570
0.010843
0.012904
0.015149
0.016968
0.019196
0.021016
0.022787
0.024317
0.026274
0.027956
0.029333
0.030954
0.032333
0.033764
0.035062
0.036252
0.037313
0.038493
0.039536
0.040548
0.041917
0.042585
0.043573
0.044467
0.045256
0.046195
0.046896
0.047654
0.048073
0.049372
0.049756
0.050751
0.051228
0.052073
0.052564
0.053347
0.054081
0.054663
0.055453
0.056360
0.056871
0.057251
0.058087
0.058457
0.059095
0.059613
0.060135
0.060409
0.060804
0.061229
0.061411
0.061678
0.061904
0.061896
0.061796
0.062135
0.062072
0.062088
0.061956
0.061568
0.061368
0.060961
0.060898
0.060180
0.059967
0.059339
0.058690
0.058151
0.057600
0.056713
0.055910
0.055284
0.054324
0.053640
0.052611
0.051552
0.050501
0.049746
0.048785
0.047711
0.046672
0.045525
0.044523
0.043340
0.042383
0.041316
0.040547
0.039740
0.038551
0.037642
0.036723
0.036046
0.034805
0.034017
0.033059
0.032345
0.031493
0.030582
0.030003
0.029179
0.028486
0.027709
0.026932
0.026367
0.025594
0.024998
0.024368
0.023989
0.023576
0.023094
0.022753
0.021829
0.021478
0.020949
0.020600
0.020154
0.020065
0.019498
0.019245
0.018543
0.018379
0.018449
0.017904
0.017744
0.017430
0.017230
0.017215
0.016842
0.016573
0.016405
0.016366
0.015885
0.015578
0.015933
0.015251
0.015265
0.015273
0.015123
0.014687
0.014884
0.014788
0.014655
0.014380
0.014510
0.014164
0.014302
0.014226
0.013925
0.014068
0.013975
0.013582
0.013577
0.013724
0.013484
0.013528
0.013268
0.013349
0.013433
0.013331
0.013025
0.013112
0.013174
0.012920
0.012922
0.013079
0.012807
0.012785
0.012592
0.012667
0.012549
0.012562
0.012525
0.012079
0.012246
0.012441
0.012356
0.012365
0.012120
0.011926
0.011945
0.011923
0.011892
0.011834
0.011819
0.011635
0.011736
0.011787
0.011615
0.011912
0.011585
0.011584
0.011621
0.011686
0.011749
0.011678
0.011415
0.011457
0.011362
0.011337
0.011292
0.011303
0.011113
0.011082
0.011261
0.010989
0.011163
0.011082
0.010851
0.011143
0.010886
0.010950
0.010948
0.010774
0.010765
0.010584
0.010763
0.010799
0.010790
0.010594
0.010581
0.010564
0.010706
0.010655
0.010594
0.010709
0.010541
0.010491
0.010530
0.010568