-0.084686 
-0.085744 
-0.087003 
-0.088301 
-0.089916 
-0.091111 
-0.092047 
-0.093538 
-0.095095 
-0.095939 
-0.097759 
-0.099059 
-0.099778 
-0.101452 
-0.102459 
-0.104059 
-0.105485 
-0.105879 
-0.107621 
-0.108592 
-0.110070 
-0.111089 
-0.112183 
-0.113348 
-0.114572 
-0.116006 
-0.116966 
-0.117793 
-0.119308 
-0.120425 
-0.121378 
-0.122716 
-0.123950 
-0.124791 
-0.125917 
-0.127080 
-0.128018 
-0.129078 
-0.129812 
-0.131348 
-0.132043 
-0.133434 
-0.134083 
-0.135271 
-0.136386 
-0.137123 
-0.138028 
-0.138992 
-0.139887 
-0.140846 
-0.141913 
-0.142851 
-0.143442 
-0.144417 
-0.145791 
-0.146249 
-0.147163 
-0.148088 
-0.148891 
-0.149738 
-0.150780 
-0.151526 
-0.152641 
-0.153858 
-0.154398 
-0.155300 
-0.156106 
-0.156909 
-0.158295 
-0.159021 
-0.159851 
-0.160600 
-0.162081 
-0.162757 
-0.163743 
-0.164691 
-0.165884 
-0.166709 
-0.167289 
-0.168447 
-0.169381 
-0.170078 
-0.171082 
-0.171675 
-0.172656 
-0.173303 
-0.173863 
-0.174556 
-0.175108 
-0.175881 
-0.176320 
-0.176910 
-0.177298 
-0.177725 
-0.177963 
-0.178414 
-0.178259 
-0.178170 
-0.178751 
-0.178743 
-0.178574 
-0.178416 
-0.178393 
-0.178100 
-0.177660 
-0.177189 
-0.176775 
-0.176350 
-0.175551 
-0.174979 
-0.174232 
-0.173210 
-0.172522 
-0.171316 
-0.170401 
-0.169085 
-0.168082 
-0.166728 
-0.165358 
-0.163805 
-0.162842 
-0.160960 
-0.159348 
-0.157822 
-0.156017 
-0.154116 
-0.152361 
-0.150146 
-0.148460 
-0.146141 
-0.144109 
-0.141874 
-0.139662 
-0.136770 
-0.134942 
-0.132632 
-0.130011 
-0.127136 
-0.124455 
-0.121780 
-0.118948 
-0.116298 
-0.113089 
-0.110244 
-0.107040 
-0.103709 
-0.100833 
-0.097466 
-0.094340 
-0.090873 
-0.087463 
-0.084269 
-0.080889 
-0.077526 
-0.074190 
-0.070943 
-0.067398 
-0.064171 
-0.061027 
-0.057291 
-0.054344 
-0.050878 
-0.047305 
-0.044122 
-0.040889 
-0.037672 
-0.034779 
-0.031233 
-0.028239 
-0.024923 
-0.021694 
-0.018930 
-0.016037 
-0.013402 
-0.010802 
-0.007684 
-0.004722 
-0.002002 
0.000403  
0.003067  
0.005586  
0.007654  
0.010485  
0.012662  
0.014839  
0.017078  
0.019399  
0.021298  
0.023281  
0.025001  
0.026573  
0.028524  
0.030331  
0.031697  
0.033421  
0.034938  
0.036289  
0.037680  
0.038763  
0.040038  
0.041286  
0.042332  
0.043516  
0.044718  
0.045791  
0.046554  
0.047667  
0.048478  
0.049346  
0.050066  
0.050828  
0.051464  
0.052372  
0.052983  
0.053702  
0.054554  
0.055494  
0.055972  
0.056889  
0.057640  
0.058119  
0.058827  
0.059820  
0.060397  
0.060911  
0.061726  
0.062172  
0.062571  
0.063276  
0.063894  
0.064185  
0.064534  
0.064925  
0.064826  
0.065611  
0.065580  
0.065723  
0.065706  
0.065828  
0.065727  
0.065748  
0.065561  
0.065142  
0.064921  
0.064888  
0.064334  
0.064075  
0.063493  
0.062920  
0.062285  
0.061606  
0.060931  
0.060089  
0.059448  
0.058481  
0.057578  
0.056943  
0.055822  
0.054704  
0.053478  
0.052796  
0.051628  
0.050509  
0.049527  
0.048386  
0.047106  
0.046265  
0.044956  
0.043828  
0.042891  
0.041766  
0.040786  
0.039933  
0.038585  
0.037776  
0.036660  
0.036035  
0.035039  
0.034098  
0.033229  
0.032267  
0.031718  
0.030744  
0.030177  
0.029389  
0.028497  
0.027655  
0.026967  
0.026438  
0.025695  
0.025417  
0.024561  
0.024279  
0.023929  
0.023041  
0.022532  
0.022079  
0.021743  
0.021176  
0.020893  
0.020318  
0.020026  
0.019493  
0.019091  
0.019255  
0.018851  
0.018513  
0.018335  
0.017955  
0.017748  
0.017680  
0.017408  
0.017106  
0.017143  
0.016545  
0.016319  
0.016336  
0.016047  
0.015838  
0.015666  
0.015628  
0.015338  
0.015182  
0.015406  
0.015005  
0.015130  
0.014734  
0.014710  
0.014719  
0.014708  
0.014293  
0.014357  
0.014373  
0.014255  
0.013937  
0.014146  
0.013977  
0.013804  
0.013807  
0.013445  
0.013653  
0.013604  
0.013461  
0.013485  
0.013541  
0.013350  
0.013088  
0.013357  
0.013107  
0.013128  
0.012987  
0.012954  
0.013151  
0.012698  
0.012855  
0.012462  
0.012566  
0.012670  
0.012693  
0.012405  
0.012459  
0.012355  
0.012399  
0.012372  
0.012203  
0.012118  
0.012111  
0.012180  
0.012129  
0.012039  
0.012001  
0.012236  
0.011810  
0.011867  
0.011826  
0.011888  
0.011888  
0.011948  
0.011789  
0.011771  
0.011404  
0.011560  
0.011729  
0.011707  
0.011480  
0.011299  
0.011357  
0.011231  
0.011418  
0.011586  
0.011282  
0.011181  
0.011269  
0.011069  
0.011248  
0.010924  
0.010863  
0.010987  
0.011175  
0.010944  
0.010994  
0.010816  
0.010848  
0.010816  
0.010789  
0.010912  
0.010797  
0.010591  
0.010665  
0.010585  
0.010661  
0.010984  
