-0.112707 
-0.113983 
-0.115447 
-0.117215 
-0.118682 
-0.120098 
-0.121544 
-0.123314 
-0.124689 
-0.125669 
-0.127722 
-0.128794 
-0.130126 
-0.131170 
-0.132926 
-0.134307 
-0.136073 
-0.136912 
-0.138580 
-0.139825 
-0.141540 
-0.142919 
-0.143672 
-0.145057 
-0.146371 
-0.148005 
-0.148814 
-0.150081 
-0.151499 
-0.152728 
-0.154182 
-0.155450 
-0.156522 
-0.157688 
-0.158667 
-0.160178 
-0.161551 
-0.162289 
-0.163253 
-0.164905 
-0.165894 
-0.167111 
-0.168331 
-0.169163 
-0.170440 
-0.171505 
-0.172285 
-0.173461 
-0.174458 
-0.175579 
-0.176669 
-0.177469 
-0.178440 
-0.179366 
-0.180642 
-0.181564 
-0.182451 
-0.183490 
-0.184463 
-0.185644 
-0.186325 
-0.187385 
-0.188483 
-0.189455 
-0.190458 
-0.191268 
-0.192451 
-0.193414 
-0.194789 
-0.195596 
-0.196781 
-0.197316 
-0.198937 
-0.199763 
-0.200934 
-0.202025 
-0.203200 
-0.204076 
-0.204963 
-0.206224 
-0.207386 
-0.208153 
-0.209198 
-0.209615 
-0.211005 
-0.211681 
-0.212508 
-0.213122 
-0.213587 
-0.214357 
-0.215350 
-0.215631 
-0.215936 
-0.216355 
-0.217027 
-0.217504 
-0.217266 
-0.217337 
-0.217537 
-0.217737 
-0.217492 
-0.217168 
-0.217206 
-0.216916 
-0.216644 
-0.215897 
-0.215476 
-0.214767 
-0.214157 
-0.213202 
-0.212372 
-0.211333 
-0.210130 
-0.209121 
-0.207975 
-0.206784 
-0.205232 
-0.203758 
-0.202126 
-0.200319 
-0.198930 
-0.196995 
-0.195157 
-0.193482 
-0.191323 
-0.189101 
-0.187264 
-0.184659 
-0.182541 
-0.179936 
-0.177445 
-0.174926 
-0.172303 
-0.169302 
-0.166727 
-0.164167 
-0.161152 
-0.157912 
-0.154819 
-0.152013 
-0.148394 
-0.145254 
-0.141506 
-0.138381 
-0.134754 
-0.130803 
-0.127713 
-0.123579 
-0.119754 
-0.115785 
-0.111838 
-0.108492 
-0.104584 
-0.100755 
-0.096856 
-0.092980 
-0.088838 
-0.085014 
-0.081320 
-0.077135 
-0.073559 
-0.069613 
-0.065683 
-0.061756 
-0.058036 
-0.054210 
-0.050697 
-0.046913 
-0.043338 
-0.039605 
-0.035502 
-0.032544 
-0.029047 
-0.026121 
-0.022771 
-0.019389 
-0.016171 
-0.013113 
-0.010191 
-0.006854 
-0.004045 
-0.001470 
0.001660  
0.004193  
0.006868  
0.009693  
0.012184  
0.014652  
0.016737  
0.019120  
0.021060  
0.023174  
0.025054  
0.026773  
0.028994  
0.030757  
0.032389  
0.033929  
0.035514  
0.036810  
0.038158  
0.039377  
0.040762  
0.042132  
0.043240  
0.044257  
0.045398  
0.046614  
0.047429  
0.048502  
0.049286  
0.050268  
0.051312  
0.052167  
0.053191  
0.054108  
0.055063  
0.055777  
0.056603  
0.057593  
0.058106  
0.059024  
0.060280  
0.060909  
0.061509  
0.062455  
0.063003  
0.063658  
0.064353  
0.064955  
0.065402  
0.065959  
0.066189  
0.066487  
0.067229  
0.067420  
0.067230  
0.067308  
0.067407  
0.067300  
0.067294  
0.066883  
0.066388  
0.066272  
0.065787  
0.065217  
0.064777  
0.064442  
0.063483  
0.062712  
0.061796  
0.061097  
0.059732  
0.058888  
0.057792  
0.056611  
0.055690  
0.054285  
0.052864  
0.051393  
0.050316  
0.048870  
0.047445  
0.046037  
0.044648  
0.043179  
0.041903  
0.040488  
0.039041  
0.037804  
0.036488  
0.035171  
0.033928  
0.032423  
0.031605  
0.030007  
0.029064  
0.027673  
0.026639  
0.025479  
0.024132  
0.023486  
0.022271  
0.021321  
0.020491  
0.019441  
0.018594  
0.017468  
0.017031  
0.015876  
0.015323  
0.014535  
0.014024  
0.013549  
0.012671  
0.012071  
0.011427  
0.010767  
0.010179  
0.009800  
0.009156  
0.008798  
0.008072  
0.007738  
0.007623  
0.007119  
0.006626  
0.006224  
0.006002  
0.005808  
0.005474  
0.005215  
0.004983  
0.004702  
0.004368  
0.003937  
0.003946  
0.003812  
0.003359  
0.003344  
0.003082  
0.002892  
0.002979  
0.002883  
0.002564  
0.002450  
0.002219  
0.002033  
0.001982  
0.001884  
0.001556  
0.001658  
0.001726  
0.001390  
0.001226  
0.001253  
0.001414  
0.001197  
0.001092  
0.000884  
0.000981  
0.000963  
0.000559  
0.000616  
0.001015  
0.000589  
0.000694  
0.000466  
0.000290  
0.000259  
0.000222  
0.000171  
0.000268  
-0.000034 
0.000284  
-0.000092 
0.000006  
-0.000026 
0.000025  
-0.000138 
-0.000240 
-0.000382 
-0.000307 
-0.000404 
-0.000429 
-0.000462 
-0.000596 
-0.000678 
-0.000592 
-0.000472 
-0.000755 
-0.000488 
-0.000751 
-0.000879 
-0.000637 
-0.000782 
-0.000691 
-0.000851 
-0.001026 
-0.000873 
-0.000982 
-0.001030 
-0.000955 
-0.001129 
-0.001079 
-0.001061 
-0.001031 
-0.001107 
-0.001235 
-0.001205 
-0.001226 
-0.001179 
-0.001329 
-0.001315 
-0.001429 
-0.001675 
-0.001425 
-0.001432 
-0.001347 
-0.001459 
-0.001492 
-0.001540 
-0.001552 
-0.001431 
-0.001502 
-0.001440 
-0.001574 
-0.001697 
-0.001754 
-0.001619 
-0.001831 
-0.001635 
