-0.109375
-0.110129
-0.111495
-0.113222
-0.114540
-0.115913
-0.116966
-0.119065
-0.120108
-0.121469
-0.123088
-0.124790
-0.125456
-0.127363
-0.128316
-0.129707
-0.131346
-0.132281
-0.134157
-0.135104
-0.136759
-0.138254
-0.138747
-0.140241
-0.141568
-0.142882
-0.143890
-0.145376
-0.146477
-0.147768
-0.149209
-0.150258
-0.151486
-0.152759
-0.153691
-0.155153
-0.156281
-0.157112
-0.157928
-0.159782
-0.160637
-0.161904
-0.162664
-0.163944
-0.165050
-0.165951
-0.167080
-0.167799
-0.168960
-0.169933
-0.170994
-0.172004
-0.172750
-0.173781
-0.175087
-0.175949
-0.176740
-0.177920
-0.178749
-0.179934
-0.180552
-0.181578
-0.182688
-0.183992
-0.184623
-0.185617
-0.186664
-0.187468
-0.188984
-0.189881
-0.190972
-0.191826
-0.192965
-0.194080
-0.195105
-0.196294
-0.197339
-0.198346
-0.198940
-0.200439
-0.201373
-0.202193
-0.203233
-0.203889
-0.204969
-0.205680
-0.206473
-0.207312
-0.207576
-0.208516
-0.208844
-0.209541
-0.210065
-0.210470
-0.210942
-0.211240
-0.211423
-0.211303
-0.211440
-0.211587
-0.211350
-0.211016
-0.211102
-0.210699
-0.210197
-0.209599
-0.209440
-0.208870
-0.208076
-0.207280
-0.206478
-0.205204
-0.204103
-0.203141
-0.201842
-0.200875
-0.199372
-0.197890
-0.196371
-0.194589
-0.193103
-0.191280
-0.189406
-0.187517
-0.185518
-0.183517
-0.181225
-0.179160
-0.176796
-0.174359
-0.171905
-0.169384
-0.166989
-0.163892
-0.161481
-0.158916
-0.155999
-0.152709
-0.149590
-0.146793
-0.143350
-0.140217
-0.136885
-0.133663
-0.129877
-0.126261
-0.123081
-0.119088
-0.115317
-0.111363
-0.107528
-0.104259
-0.100265
-0.096260
-0.092658
-0.088878
-0.085062
-0.081071
-0.077599
-0.073580
-0.069725
-0.065915
-0.062037
-0.058313
-0.054451
-0.051016
-0.047369
-0.043493
-0.039991
-0.036440
-0.032620
-0.029235
-0.025977
-0.022796
-0.019562
-0.016437
-0.013071
-0.010018
-0.007150
-0.003993
-0.000966
0.001640
0.004764
0.007282
0.009733
0.012626
0.015046
0.017424
0.019717
0.021976
0.024144
0.026011
0.027953
0.029726
0.031775
0.033434
0.035067
0.036712
0.038404
0.039526
0.040962
0.042116
0.043641
0.044976
0.046128
0.046833
0.048259
0.049188
0.050335
0.051264
0.052080
0.052955
0.054042
0.054835
0.055847
0.056765
0.057717
0.058342
0.059325
0.060357
0.061046
0.062017
0.062911
0.063756
0.064247
0.065415
0.065846
0.066535
0.067145
0.067561
0.068224
0.068777
0.068917
0.069373
0.069902
0.070109
0.069965
0.070119
0.070154
0.070261
0.070079
0.069837
0.069378
0.069284
0.068528
0.068090
0.067498
0.067015
0.065986
0.065307
0.064446
0.063624
0.062397
0.061366
0.060325
0.058954
0.057885
0.056468
0.055232
0.053667
0.052534
0.051056
0.049668
0.048059
0.046880
0.045230
0.043796
0.042213
0.040839
0.039801
0.038304
0.036935
0.035619
0.033992
0.032972
0.031625
0.030630
0.028988
0.027873
0.026831
0.025693
0.024666
0.023258
0.022475
0.021573
0.020608
0.019625
0.018476
0.017855
0.016734
0.016142
0.015376
0.014589
0.014148
0.013150
0.012513
0.011850
0.011120
0.010571
0.010200
0.009698
0.008973
0.008448
0.008119
0.007793
0.007242
0.006861
0.006397
0.006118
0.005896
0.005805
0.005196
0.004866
0.004900
0.004171
0.004188
0.004093
0.003710
0.003552
0.003312
0.003197
0.002937
0.003131
0.002835
0.002668
0.002420
0.002466
0.002093
0.002141
0.002050
0.001882
0.001918
0.001855
0.001472
0.001494
0.001435
0.001423
0.001329
0.001273
0.000973
0.001223
0.001079
0.001024
0.000819
0.001082
0.000854
0.000781
0.000991
0.000736
0.000571
0.000488
0.000671
0.000784
0.000516
0.000612
0.000159
0.000411
0.000407
0.000433
0.000409
0.000349
0.000278
0.000286
0.000122
0.000360
0.000063
0.000171
0.000097
0.000085
0.000198
0.000041
0.000216
-0.000054
-0.000003
0.000095
0.000098
0.000185
0.000169
0.000189
-0.000048
0.000044
-0.000065
0.000068
0.000084
-0.000094
-0.000189
-0.000105
-0.000250
-0.000107
-0.000160
-0.000193
-0.000020
-0.000078
-0.000214
-0.000239
-0.000401
-0.000370
-0.000276
-0.000206
-0.000133
-0.000182
-0.000403
-0.000361
-0.000156
-0.000257
-0.000144
-0.000202
-0.000385
-0.000354
-0.000279
-0.000407
-0.000417