-0.108425
-0.109666
-0.110908
-0.112548
-0.114612
-0.115201
-0.116843
-0.118587
-0.119733
-0.120957
-0.122840
-0.123979
-0.125168
-0.126484
-0.127869
-0.129215
-0.130959
-0.131664
-0.133490
-0.134570
-0.136506
-0.137482
-0.138565
-0.139804
-0.140788
-0.142395
-0.143320
-0.144840
-0.145955
-0.147458
-0.148503
-0.150035
-0.150714
-0.152256
-0.153104
-0.154316
-0.155681
-0.156438
-0.157272
-0.159103
-0.160075
-0.161420
-0.161972
-0.163181
-0.164760
-0.165429
-0.166376
-0.167289
-0.168234
-0.169463
-0.170476
-0.171448
-0.172016
-0.173090
-0.174345
-0.175278
-0.176039
-0.177174
-0.178096
-0.179160
-0.179860
-0.180973
-0.181992
-0.183302
-0.184099
-0.184986
-0.185866
-0.187046
-0.188210
-0.189228
-0.190210
-0.191018
-0.192230
-0.193270
-0.194529
-0.195240
-0.196444
-0.197424
-0.198286
-0.199525
-0.200431
-0.201566
-0.202464
-0.202963
-0.204119
-0.204879
-0.205550
-0.206339
-0.206834
-0.207744
-0.208210
-0.208627
-0.209310
-0.209541
-0.210014
-0.210422
-0.210305
-0.210717
-0.210866
-0.210701
-0.210570
-0.210367
-0.210483
-0.209977
-0.209661
-0.208804
-0.208696
-0.208108
-0.207339
-0.206535
-0.205556
-0.204573
-0.203597
-0.202286
-0.201302
-0.199933
-0.198663
-0.197285
-0.195628
-0.194008
-0.192497
-0.190641
-0.188463
-0.187190
-0.184864
-0.182740
-0.180756
-0.178360
-0.176361
-0.173875
-0.171479
-0.168856
-0.166483
-0.163477
-0.161098
-0.158477
-0.155454
-0.152245
-0.149176
-0.146419
-0.142948
-0.139734
-0.136599
-0.133199
-0.129773
-0.125977
-0.122729
-0.118813
-0.115021
-0.111206
-0.107554
-0.103841
-0.100329
-0.096282
-0.092601
-0.088866
-0.084981
-0.081362
-0.077362
-0.073446
-0.069742
-0.065951
-0.061929
-0.058500
-0.054568
-0.051313
-0.047433
-0.043766
-0.040243
-0.036448
-0.032811
-0.029537
-0.025931
-0.023183
-0.020082
-0.016620
-0.013441
-0.010372
-0.007435
-0.004364
-0.001506
0.000946
0.004270
0.006771
0.009477
0.012145
0.014692
0.017171
0.019217
0.021387
0.023477
0.025510
0.027484
0.029288
0.031215
0.032997
0.034224
0.036178
0.037505
0.038950
0.040393
0.041483
0.042919
0.044289
0.045551
0.046401
0.047536
0.048691
0.049715
0.050557
0.051497
0.052305
0.053300
0.054174
0.055107
0.056065
0.057174
0.057711
0.058610
0.059735
0.060297
0.061237
0.062290
0.063090
0.063590
0.064562
0.065056
0.065679
0.066398
0.067113
0.067510
0.067813
0.068353
0.068513
0.069085
0.069277
0.069423
0.069273
0.069464
0.069313
0.069483
0.069003
0.068615
0.068171
0.067876
0.067348
0.066675
0.066336
0.065430
0.064596
0.063584
0.062960
0.061724
0.060615
0.059583
0.058433
0.057304
0.055953
0.054568
0.053027
0.052020
0.050374
0.049021
0.047467
0.046102
0.044628
0.043340
0.041878
0.040432
0.039140
0.037623
0.036094
0.034983
0.033490
0.032494
0.030993
0.029885
0.028459
0.027407
0.026238
0.025058
0.024396
0.022765
0.022121
0.021166
0.019884
0.019260
0.018229
0.017213
0.016358
0.015799
0.015057
0.014349
0.013853
0.012924
0.012182
0.011477
0.010906
0.010183
0.009697
0.009232
0.008830
0.007889
0.007718
0.007530
0.006997
0.006479
0.006056
0.005832
0.005706
0.005423
0.004918
0.004724
0.004531
0.004037
0.003846
0.003745
0.003343
0.003346
0.003146
0.002868
0.002673
0.002815
0.002595
0.002441
0.002111
0.002130
0.001961
0.001928
0.001925
0.001474
0.001617
0.001661
0.001233
0.001208
0.001406
0.001081
0.000938
0.000876
0.000777
0.001101
0.001009
0.000525
0.000635
0.000903
0.000383
0.000702
0.000722
0.000538
0.000231
0.000319
0.000344
0.000547
0.000414
0.000266
-0.000190
0.000199
0.000276
0.000401
0.000399
0.000133
-0.000032
0.000104
-0.000100
-0.000111
-0.000235
-0.000153
-0.000037
-0.000023
-0.000091
-0.000132
0.000101
-0.000055
-0.000073
-0.000057
-0.000210
-0.000076
-0.000019
-0.000160
-0.000088
-0.000184
-0.000209
-0.000149
-0.000082
-0.000178
-0.000221
-0.000202
-0.000326
-0.000243
-0.000171
-0.000280
-0.000435
-0.000176
-0.000409
-0.000108
-0.000522
-0.000442
-0.000285
-0.000227
-0.000296
-0.000503
-0.000577
-0.000433
-0.000519
-0.000362
-0.000178
-0.000416
-0.000453
-0.000457
-0.000434
-0.000369
-0.000239