0.003308  
0.003525  
0.004116  
0.004373  
0.004354  
0.004726  
0.004867  
0.005149  
0.005361  
0.006031  
0.006130  
0.005902  
0.006229  
0.006859  
0.006779  
0.007288  
0.007176  
0.008252  
0.007792  
0.008363  
0.008274  
0.008580  
0.009180  
0.009274  
0.009395  
0.009632  
0.010072  
0.010415  
0.010807  
0.010524  
0.011072  
0.011014  
0.011225  
0.011560  
0.012098  
0.012075  
0.012169  
0.012643  
0.013386  
0.013052  
0.013280  
0.013421  
0.013875  
0.014308  
0.014261  
0.014456  
0.014845  
0.015166  
0.015429  
0.015545  
0.015604  
0.016030  
0.016493  
0.016815  
0.016880  
0.017146  
0.017297  
0.017625  
0.017886  
0.017904  
0.018404  
0.018513  
0.018570  
0.018812  
0.019273  
0.019587  
0.019926  
0.020366  
0.020208  
0.020690  
0.020628  
0.021297  
0.021388  
0.022028  
0.022236  
0.022555  
0.022751  
0.022898  
0.023317  
0.023419  
0.023622  
0.023915  
0.023989  
0.024563  
0.024555  
0.024959  
0.025244  
0.025539  
0.025827  
0.025918  
0.025703  
0.025803  
0.026153  
0.026155  
0.026345  
0.026252  
0.026443  
0.026666  
0.026227  
0.026372  
0.026285  
0.026397  
0.026069  
0.025735  
0.025944  
0.026165  
0.025593  
0.025440  
0.025328  
0.024877  
0.024594  
0.024583  
0.023989  
0.023727  
0.023329  
0.022883  
0.022404  
0.021891  
0.021572  
0.021218  
0.020320  
0.019898  
0.019528  
0.018507  
0.018094  
0.017574  
0.016262  
0.015655  
0.015010  
0.014223  
0.013409  
0.012873  
0.011468  
0.011005  
0.010020  
0.009327  
0.008256  
0.007489  
0.006613  
0.005144  
0.004317  
0.003072  
0.002369  
0.001087  
0.000063  
-0.000850 
-0.002145 
-0.003251 
-0.004784 
-0.005816 
-0.006935 
-0.008397 
-0.009594 
-0.010760 
-0.012140 
-0.013357 
-0.014443 
-0.015747 
-0.017261 
-0.018239 
-0.019799 
-0.020853 
-0.022228 
-0.023537 
-0.024903 
-0.026053 
-0.027259 
-0.028572 
-0.029955 
-0.031180 
-0.032142 
-0.033864 
-0.035003 
-0.035943 
-0.036945 
-0.038121 
-0.039650 
-0.040843 
-0.041928 
-0.043238 
-0.044290 
-0.045601 
-0.046206 
-0.047602 
-0.048570 
-0.049532 
-0.050580 
-0.051259 
-0.052336 
-0.053309 
-0.053932 
-0.054796 
-0.055581 
-0.056494 
-0.057039 
-0.057651 
-0.058533 
-0.058922 
-0.059772 
-0.060154 
-0.060836 
-0.061461 
-0.061827 
-0.062222 
-0.062763 
-0.063427 
-0.063822 
-0.064242 
-0.064722 
-0.065080 
-0.065764 
-0.066092 
-0.066492 
-0.066958 
-0.067452 
-0.067841 
-0.068374 
-0.068794 
-0.069447 
-0.069681 
-0.070434 
-0.070846 
-0.071246 
-0.071672 
-0.072312 
-0.072529 
-0.072801 
-0.073258 
-0.073539 
-0.074218 
-0.074401 
-0.074767 
-0.074979 
-0.075394 
-0.075143 
-0.075354 
-0.075362 
-0.075522 
-0.075126 
-0.075275 
-0.074796 
-0.074539 
-0.074506 
-0.074040 
-0.073545 
-0.072866 
-0.072439 
-0.071855 
-0.071401 
-0.070412 
-0.069582 
-0.068712 
-0.068124 
-0.067040 
-0.066104 
-0.065159 
-0.063913 
-0.062889 
-0.061810 
-0.060915 
-0.059443 
-0.058003 
-0.056910 
-0.055732 
-0.054623 
-0.053370 
-0.052119 
-0.050887 
-0.049704 
-0.048392 
-0.047270 
-0.045782 
-0.044631 
-0.043343 
-0.042199 
-0.041173 
-0.039693 
-0.038971 
-0.037629 
-0.036599 
-0.035498 
-0.034649 
-0.033714 
-0.032500 
-0.031660 
-0.030865 
-0.030024 
-0.029335 
-0.028092 
-0.027689 
-0.026485 
-0.025770 
-0.024673 
-0.023980 
-0.023436 
-0.022524 
-0.022064 
-0.021390 
-0.020769 
-0.019897 
-0.019511 
-0.018864 
-0.018434 
-0.017801 
-0.017036 
-0.016721 
-0.016375 
-0.015825 
-0.015298 
-0.014770 
-0.014539 
-0.014092 
-0.013762 
-0.013377 
-0.013170 
-0.012822 
-0.012285 
-0.012299 
-0.011886 
-0.011619 
-0.011532 
-0.011268 
-0.010867 
-0.010605 
-0.010601 
-0.010164 
-0.010069 
-0.009907 
-0.009595 
-0.009557 
-0.009346 
-0.009052 
-0.008955 
-0.008929 
-0.008728 
-0.008486 
-0.008294 
-0.008305 
-0.008094 
-0.008116 
-0.007763 
-0.007379 
-0.007587 
-0.007613 
-0.007275 
-0.007282 
-0.007131 
-0.006976 
-0.007024 
-0.006966 
-0.006979 
-0.006774 
-0.006491 
-0.006691 
-0.006709 
-0.006669 
-0.006419 
-0.006215 
-0.006132 
-0.005916 
-0.005915 
-0.005935 
-0.005881 
-0.005876 
-0.005919 
-0.005819 
-0.005888 
-0.005603 
-0.005676 
-0.005304 
-0.005371 
-0.005053 
-0.005344 
-0.005132 
-0.004888 
-0.005177 
-0.004919 
-0.004924 
-0.004901 
-0.004939 
-0.004939 
-0.004791 
-0.004616 
-0.004465 
-0.004650 
-0.004657 
-0.004494 
-0.004636 
-0.004404 
-0.004382 
-0.004326 
-0.004383 
-0.004272 
-0.004242 
-0.004221 
-0.004282 
-0.004372 
-0.004045 
-0.004030 
-0.003829 
-0.004168 
-0.004183 
-0.004148 
-0.004113 
-0.003963 
-0.003822 
-0.003939 
-0.004986 
-0.004165 
-0.003960 
-0.003798 
-0.003808 
