0.003371  
0.003598  
0.003737  
0.004366  
0.004441  
0.004866  
0.005068  
0.005317  
0.005463  
0.006173  
0.006291  
0.005929  
0.006564  
0.006998  
0.006607  
0.007265  
0.007475  
0.008026  
0.007913  
0.008163  
0.008315  
0.008485  
0.008981  
0.008966  
0.009449  
0.009255  
0.010093  
0.009953  
0.010466  
0.010911  
0.011067  
0.011108  
0.011277  
0.011808  
0.012132  
0.012083  
0.012389  
0.012572  
0.013375  
0.012916  
0.013483  
0.013613  
0.013883  
0.014202  
0.014099  
0.014357  
0.015019  
0.015008  
0.015396  
0.015710  
0.015553  
0.016174  
0.016536  
0.016794  
0.016742  
0.017090  
0.017154  
0.017601  
0.017971  
0.017774  
0.018231  
0.018723  
0.018752  
0.018824  
0.019304  
0.019621  
0.019742  
0.020198  
0.020130  
0.020576  
0.020850  
0.021168  
0.021577  
0.021820  
0.022144  
0.022405  
0.022663  
0.022939  
0.023401  
0.023361  
0.023567  
0.024138  
0.024263  
0.024487  
0.024765  
0.024969  
0.025502  
0.025396  
0.025819  
0.025497  
0.026061  
0.026032  
0.026019  
0.026420  
0.026174  
0.026075  
0.026454  
0.026484  
0.026383  
0.026227  
0.026305  
0.026646  
0.026022  
0.025917  
0.025682  
0.026028  
0.025728  
0.025440  
0.025109  
0.024867  
0.024639  
0.024390  
0.023769  
0.023680  
0.023351  
0.022702  
0.022197  
0.021962  
0.021452  
0.021143  
0.020476  
0.019871  
0.019385  
0.018566  
0.017780  
0.017289  
0.016328  
0.015795  
0.014953  
0.014227  
0.013459  
0.012692  
0.011649  
0.010910  
0.009734  
0.009212  
0.008258  
0.007351  
0.006531  
0.005176  
0.004444  
0.003034  
0.002469  
0.001220  
0.000131  
-0.001040 
-0.002312 
-0.003236 
-0.004740 
-0.005968 
-0.006967 
-0.008386 
-0.009502 
-0.010830 
-0.012238 
-0.013434 
-0.014685 
-0.015959 
-0.017340 
-0.018095 
-0.019908 
-0.020993 
-0.022122 
-0.023579 
-0.024780 
-0.026132 
-0.027388 
-0.028547 
-0.030111 
-0.031418 
-0.032131 
-0.033912 
-0.035091 
-0.035966 
-0.037186 
-0.038192 
-0.039684 
-0.041043 
-0.042219 
-0.043221 
-0.044173 
-0.045507 
-0.046419 
-0.047363 
-0.048560 
-0.049538 
-0.050717 
-0.051495 
-0.052555 
-0.053320 
-0.054213 
-0.055158 
-0.055696 
-0.056552 
-0.057077 
-0.057584 
-0.058413 
-0.059039 
-0.059644 
-0.060409 
-0.060831 
-0.061393 
-0.061806 
-0.062205 
-0.062648 
-0.063589 
-0.063866 
-0.064476 
-0.064805 
-0.065272 
-0.065715 
-0.066457 
-0.066822 
-0.067204 
-0.067673 
-0.068352 
-0.068566 
-0.069369 
-0.069728 
-0.069914 
-0.070656 
-0.071147 
-0.071469 
-0.071763 
-0.072703 
-0.072403 
-0.073008 
-0.073416 
-0.073863 
-0.074045 
-0.074704 
-0.074728 
-0.075164 
-0.075310 
-0.075210 
-0.075400 
-0.075310 
-0.075462 
-0.075398 
-0.075226 
-0.074794 
-0.074625 
-0.074535 
-0.073929 
-0.073624 
-0.072882 
-0.072668 
-0.071970 
-0.071357 
-0.070681 
-0.069842 
-0.068717 
-0.068269 
-0.067044 
-0.066119 
-0.065122 
-0.063990 
-0.062938 
-0.061880 
-0.060954 
-0.059526 
-0.058268 
-0.057150 
-0.055844 
-0.054570 
-0.053426 
-0.052165 
-0.051020 
-0.049709 
-0.048407 
-0.047094 
-0.046035 
-0.044643 
-0.043675 
-0.042233 
-0.041216 
-0.039942 
-0.038862 
-0.037842 
-0.036694 
-0.035720 
-0.034617 
-0.033642 
-0.032484 
-0.031780 
-0.031019 
-0.029856 
-0.029203 
-0.028218 
-0.027555 
-0.026439 
-0.025741 
-0.024867 
-0.023904 
-0.023544 
-0.022744 
-0.022324 
-0.021374 
-0.020742 
-0.020012 
-0.019303 
-0.019076 
-0.018547 
-0.018010 
-0.017049 
-0.016771 
-0.016396 
-0.016033 
-0.015408 
-0.014875 
-0.014607 
-0.014161 
-0.013656 
-0.013382 
-0.013287 
-0.012871 
-0.012475 
-0.012291 
-0.011914 
-0.011532 
-0.011417 
-0.011460 
-0.010900 
-0.010559 
-0.010564 
-0.010428 
-0.010120 
-0.010011 
-0.009640 
-0.009320 
-0.009475 
-0.009154 
-0.008759 
-0.009025 
-0.008740 
-0.008568 
-0.008417 
-0.008203 
-0.008230 
-0.008200 
-0.007603 
-0.007569 
-0.007802 
-0.007651 
-0.007246 
-0.007276 
-0.007146 
-0.006837 
-0.006980 
-0.007150 
-0.006859 
-0.006704 
-0.006415 
-0.006712 
-0.006611 
-0.006648 
-0.006184 
-0.005986 
-0.006048 
-0.006004 
-0.006043 
-0.006178 
-0.005624 
-0.005841 
-0.005994 
-0.006014 
-0.005845 
-0.005658 
-0.005558 
-0.005369 
-0.005421 
-0.005251 
-0.005409 
-0.005178 
-0.005227 
-0.005074 
-0.005028 
-0.004902 
-0.005031 
-0.004843 
-0.005004 
-0.004770 
-0.004736 
-0.004779 
-0.004562 
-0.004685 
-0.004696 
-0.004636 
-0.004381 
-0.004509 
-0.004469 
-0.004467 
-0.004317 
-0.004314 
-0.004083 
-0.004422 
-0.004359 
-0.004389 
-0.004119 
-0.004064 
-0.004184 
-0.004271 
-0.004230 
-0.004115 
-0.004111 
-0.004137 
-0.004192 
-0.003982 
-0.003897 
-0.003954 
-0.003892 
-0.004098 
