0.003221  
0.003698  
0.003849  
0.004053  
0.004499  
0.004702  
0.004923  
0.005182  
0.005250  
0.005624  
0.005831  
0.005870  
0.006364  
0.006577  
0.007293  
0.007226  
0.007587  
0.007892  
0.007745  
0.008321  
0.007774  
0.008339  
0.008980  
0.009132  
0.009388  
0.009399  
0.010199  
0.010403  
0.010404  
0.010760  
0.010662  
0.010783  
0.011206  
0.011486  
0.012084  
0.012137  
0.012058  
0.012475  
0.013117  
0.012917  
0.013288  
0.013445  
0.013883  
0.014232  
0.013989  
0.014307  
0.014891  
0.014946  
0.015236  
0.015501  
0.015697  
0.015962  
0.016121  
0.016554  
0.016493  
0.017211  
0.017155  
0.017614  
0.017915  
0.017850  
0.018222  
0.018380  
0.018728  
0.018885  
0.019048  
0.019340  
0.019773  
0.020060  
0.020243  
0.020388  
0.020723  
0.021481  
0.021457  
0.022067  
0.022114  
0.022404  
0.022453  
0.022996  
0.023227  
0.023366  
0.023556  
0.023851  
0.023867  
0.024524  
0.024630  
0.024832  
0.025291  
0.025345  
0.025780  
0.025601  
0.025656  
0.025942  
0.025939  
0.026470  
0.026091  
0.026161  
0.026340  
0.026512  
0.026228  
0.025871  
0.026145  
0.026249  
0.025979  
0.025916  
0.026050  
0.026080  
0.025403  
0.025236  
0.025327  
0.024912  
0.024494  
0.024208  
0.023798  
0.023710  
0.023078  
0.022689  
0.022295  
0.021919  
0.021450  
0.021048  
0.020381  
0.019848  
0.019300  
0.018352  
0.017852  
0.017226  
0.016313  
0.015706  
0.014882  
0.014212  
0.013220  
0.012718  
0.011652  
0.010882  
0.009725  
0.009059  
0.008259  
0.007478  
0.006515  
0.005283  
0.004299  
0.003107  
0.002280  
0.000908  
-0.000063 
-0.000983 
-0.002362 
-0.003495 
-0.004960 
-0.006085 
-0.007010 
-0.008393 
-0.009696 
-0.010764 
-0.012294 
-0.013429 
-0.014601 
-0.016041 
-0.017397 
-0.018639 
-0.020087 
-0.021136 
-0.022425 
-0.023599 
-0.024854 
-0.026061 
-0.027594 
-0.028766 
-0.030096 
-0.031524 
-0.032319 
-0.033967 
-0.035133 
-0.035964 
-0.037105 
-0.038311 
-0.039693 
-0.041047 
-0.042245 
-0.043198 
-0.044433 
-0.045646 
-0.046359 
-0.047619 
-0.048603 
-0.049741 
-0.050704 
-0.051487 
-0.052685 
-0.053484 
-0.054429 
-0.055207 
-0.055749 
-0.056698 
-0.057125 
-0.057806 
-0.058425 
-0.059283 
-0.059467 
-0.060169 
-0.060809 
-0.061568 
-0.061899 
-0.062476 
-0.062807 
-0.063706 
-0.064020 
-0.064357 
-0.065015 
-0.065275 
-0.065895 
-0.066456 
-0.066710 
-0.067491 
-0.068044 
-0.068234 
-0.068571 
-0.069373 
-0.069801 
-0.070008 
-0.070716 
-0.071075 
-0.071306 
-0.071843 
-0.072443 
-0.072696 
-0.073292 
-0.073597 
-0.074035 
-0.074267 
-0.074538 
-0.074933 
-0.075124 
-0.075428 
-0.075180 
-0.075276 
-0.075521 
-0.075418 
-0.075585 
-0.075459 
-0.074980 
-0.074715 
-0.074627 
-0.074253 
-0.073746 
-0.073040 
-0.072464 
-0.072018 
-0.071379 
-0.070753 
-0.070037 
-0.069058 
-0.068210 
-0.067025 
-0.066168 
-0.065153 
-0.064083 
-0.063024 
-0.061981 
-0.061117 
-0.059465 
-0.058485 
-0.057337 
-0.055917 
-0.054749 
-0.053598 
-0.052265 
-0.051061 
-0.049693 
-0.048440 
-0.047382 
-0.046070 
-0.044871 
-0.043898 
-0.042221 
-0.041474 
-0.039942 
-0.039037 
-0.037775 
-0.036830 
-0.035688 
-0.034417 
-0.033583 
-0.032759 
-0.031886 
-0.031216 
-0.030021 
-0.029431 
-0.028361 
-0.027563 
-0.026631 
-0.025773 
-0.024837 
-0.024201 
-0.023542 
-0.022862 
-0.022106 
-0.021473 
-0.020854 
-0.020040 
-0.019546 
-0.019048 
-0.018469 
-0.017861 
-0.017113 
-0.016838 
-0.016341 
-0.016015 
-0.015564 
-0.014931 
-0.014635 
-0.014129 
-0.013901 
-0.013405 
-0.013221 
-0.012813 
-0.012506 
-0.012442 
-0.012105 
-0.011738 
-0.011643 
-0.011490 
-0.010792 
-0.010737 
-0.010571 
-0.010283 
-0.010051 
-0.009953 
-0.009689 
-0.009480 
-0.009585 
-0.009283 
-0.009018 
-0.009122 
-0.008956 
-0.008399 
-0.008592 
-0.008186 
-0.008157 
-0.008109 
-0.007751 
-0.007579 
-0.007897 
-0.007658 
-0.007356 
-0.007542 
-0.007261 
-0.006951 
-0.007028 
-0.007123 
-0.006881 
-0.006643 
-0.006385 
-0.006713 
-0.006333 
-0.006713 
-0.006399 
-0.006090 
-0.006223 
-0.006078 
-0.006034 
-0.006168 
-0.005937 
-0.006018 
-0.005974 
-0.005861 
-0.005752 
-0.005767 
-0.005767 
-0.005441 
-0.005327 
-0.005297 
-0.005647 
-0.005279 
-0.005108 
-0.005054 
-0.005005 
-0.005044 
-0.004938 
-0.004868 
-0.004966 
-0.004725 
-0.004721 
-0.004713 
-0.004726 
-0.004683 
-0.004624 
-0.004840 
-0.004465 
-0.004598 
-0.004624 
-0.004466 
-0.004312 
-0.004320 
-0.004189 
-0.004512 
-0.004537 
-0.004303 
-0.004168 
-0.004142 
-0.004162 
-0.004155 
-0.004045 
-0.004088 
-0.004102 
-0.003992 
-0.004011 
-0.004159 
-0.004091 
-0.004101 
-0.004040 
-0.003910 
