-0.047929 
-0.048213 
-0.048453 
-0.049397 
-0.050082 
-0.050032 
-0.050809 
-0.051283 
-0.051723 
-0.052303 
-0.052861 
-0.053391 
-0.053620 
-0.054315 
-0.054901 
-0.055162 
-0.055801 
-0.055898 
-0.056885 
-0.057007 
-0.057734 
-0.058277 
-0.058471 
-0.058917 
-0.059291 
-0.059841 
-0.060196 
-0.060496 
-0.060991 
-0.061694 
-0.061776 
-0.062369 
-0.062484 
-0.063110 
-0.063229 
-0.063666 
-0.064116 
-0.064393 
-0.064331 
-0.065120 
-0.065444 
-0.066122 
-0.065927 
-0.066578 
-0.066987 
-0.067144 
-0.067342 
-0.067652 
-0.067839 
-0.068389 
-0.068817 
-0.068951 
-0.069071 
-0.069258 
-0.069784 
-0.069916 
-0.070243 
-0.070420 
-0.070483 
-0.071108 
-0.070931 
-0.071136 
-0.071661 
-0.072493 
-0.072515 
-0.072454 
-0.072804 
-0.073136 
-0.073795 
-0.073816 
-0.074089 
-0.074178 
-0.074557 
-0.075056 
-0.075400 
-0.075746 
-0.076051 
-0.076377 
-0.076413 
-0.076646 
-0.077226 
-0.077584 
-0.077954 
-0.077816 
-0.078351 
-0.078485 
-0.078648 
-0.079082 
-0.079112 
-0.079474 
-0.079829 
-0.079936 
-0.080085 
-0.080245 
-0.080610 
-0.080843 
-0.080724 
-0.080706 
-0.081214 
-0.081078 
-0.081195 
-0.081114 
-0.081326 
-0.081432 
-0.081075 
-0.080718 
-0.081103 
-0.081089 
-0.080877 
-0.081063 
-0.080977 
-0.080554 
-0.080484 
-0.080034 
-0.080022 
-0.080029 
-0.079512 
-0.079358 
-0.079044 
-0.078752 
-0.078621 
-0.078214 
-0.077940 
-0.077701 
-0.077290 
-0.076931 
-0.076709 
-0.076312 
-0.075915 
-0.075304 
-0.074989 
-0.074489 
-0.074160 
-0.073331 
-0.073039 
-0.072707 
-0.071821 
-0.071147 
-0.070477 
-0.070270 
-0.069297 
-0.068779 
-0.067939 
-0.067571 
-0.066748 
-0.065781 
-0.065316 
-0.064353 
-0.063750 
-0.062996 
-0.062101 
-0.061699 
-0.060734 
-0.059731 
-0.059156 
-0.058407 
-0.057646 
-0.057059 
-0.056306 
-0.055290 
-0.054722 
-0.053943 
-0.053138 
-0.052722 
-0.051749 
-0.051164 
-0.050671 
-0.049958 
-0.049604 
-0.049051 
-0.048107 
-0.047755 
-0.047227 
-0.046783 
-0.046279 
-0.045700 
-0.045602 
-0.045197 
-0.044876 
-0.044455 
-0.044093 
-0.044128 
-0.043460 
-0.043102 
-0.042880 
-0.042611 
-0.042289 
-0.041695 
-0.041813 
-0.041620 
-0.041582 
-0.041269 
-0.041047 
-0.040951 
-0.040854 
-0.040436 
-0.040385 
-0.040231 
-0.040034 
-0.039962 
-0.039906 
-0.039839 
-0.039615 
-0.039292 
-0.039313 
-0.039430 
-0.039295 
-0.039177 
-0.039165 
-0.039009 
-0.039107 
-0.039240 
-0.039252 
-0.039187 
-0.039436 
-0.039440 
-0.039369 
-0.039503 
-0.039638 
-0.039457 
-0.039805 
-0.039620 
-0.039641 
-0.039832 
-0.040108 
-0.039974 
-0.040340 
-0.040280 
-0.040312 
-0.040397 
-0.040546 
-0.040332 
-0.040543 
-0.040693 
-0.040468 
-0.040421 
-0.040573 
-0.040494 
-0.040223 
-0.040095 
-0.039806 
-0.039767 
-0.039711 
-0.039244 
-0.039194 
-0.038586 
-0.038333 
-0.037972 
-0.037817 
-0.037536 
-0.036874 
-0.036608 
-0.036167 
-0.035378 
-0.034815 
-0.034281 
-0.033485 
-0.033068 
-0.032592 
-0.032202 
-0.031213 
-0.030597 
-0.029962 
-0.029421 
-0.028760 
-0.027890 
-0.027223 
-0.026607 
-0.026078 
-0.025353 
-0.024550 
-0.024115 
-0.023256 
-0.022823 
-0.021770 
-0.021370 
-0.020600 
-0.020273 
-0.019424 
-0.018652 
-0.018557 
-0.017533 
-0.017424 
-0.016716 
-0.016278 
-0.015911 
-0.015357 
-0.014926 
-0.014282 
-0.013897 
-0.013305 
-0.012609 
-0.012074 
-0.011491 
-0.011464 
-0.010912 
-0.010659 
-0.010199 
-0.009749 
-0.009064 
-0.008858 
-0.008625 
-0.008241 
-0.007948 
-0.007250 
-0.007046 
-0.007228 
-0.006874 
-0.006507 
-0.005949 
-0.005910 
-0.005680 
-0.005285 
-0.005029 
-0.005094 
-0.004859 
-0.004478 
-0.004501 
-0.004333 
-0.003950 
-0.004017 
-0.004057 
-0.003615 
-0.003405 
-0.003411 
-0.003221 
-0.003082 
-0.003084 
-0.002930 
-0.002906 
-0.003037 
-0.002637 
-0.002546 
-0.002540 
-0.002503 
-0.002248 
-0.002126 
-0.001933 
-0.002091 
-0.002021 
-0.001791 
-0.001615 
-0.001914 
-0.001847 
-0.001625 
-0.001501 
-0.001441 
-0.001320 
-0.001409 
-0.001453 
-0.001366 
-0.001365 
-0.001025 
-0.001247 
-0.001186 
-0.001379 
-0.001051 
-0.000794 
-0.001039 
-0.000891 
-0.001085 
-0.001086 
-0.001047 
-0.001062 
-0.000875 
-0.000955 
-0.000886 
-0.000812 
-0.000865 
-0.000602 
-0.000832 
-0.000372 
-0.000880 
-0.000469 
-0.000362 
-0.000568 
-0.000329 
-0.000301 
-0.000311 
-0.000397 
-0.000476 
-0.000331 
-0.000216 
-0.000207 
-0.000252 
-0.000410 
-0.000180 
-0.000309 
-0.000258 
-0.000104 
-0.000215 
-0.000089 
-0.000067 
-0.000386 
-0.000241 
-0.000299 
-0.000359 
-0.000211 
0.000071  
0.000026  
-0.000039 
-0.000050 
-0.000080 
-0.000051 
-0.000046 
-0.000035 
-0.000183 
-0.000210 
-0.000129 
-0.000092 
-0.000222 
0.000114  
