-0.048620 
-0.048595 
-0.049691 
-0.049638 
-0.050972 
-0.051044 
-0.051308 
-0.052144 
-0.052382 
-0.052604 
-0.053968 
-0.054353 
-0.054339 
-0.054828 
-0.055571 
-0.055978 
-0.056663 
-0.056825 
-0.057532 
-0.057831 
-0.058646 
-0.058721 
-0.059000 
-0.059695 
-0.059942 
-0.060517 
-0.060841 
-0.061591 
-0.061877 
-0.062017 
-0.062665 
-0.062989 
-0.063492 
-0.063681 
-0.063884 
-0.064796 
-0.065096 
-0.065292 
-0.065150 
-0.066337 
-0.066231 
-0.066747 
-0.066858 
-0.067036 
-0.067836 
-0.068068 
-0.068066 
-0.068641 
-0.068763 
-0.069062 
-0.069665 
-0.069810 
-0.069942 
-0.070079 
-0.070464 
-0.070803 
-0.070984 
-0.071263 
-0.071613 
-0.072087 
-0.071947 
-0.072326 
-0.072826 
-0.073064 
-0.073567 
-0.073379 
-0.073760 
-0.073884 
-0.074430 
-0.074458 
-0.074893 
-0.075176 
-0.075564 
-0.075673 
-0.076241 
-0.076657 
-0.077037 
-0.077289 
-0.077193 
-0.077626 
-0.078024 
-0.078315 
-0.078494 
-0.078763 
-0.079158 
-0.079188 
-0.079502 
-0.080038 
-0.080013 
-0.080303 
-0.080730 
-0.080649 
-0.081132 
-0.081160 
-0.081235 
-0.081518 
-0.081707 
-0.081722 
-0.081897 
-0.082124 
-0.082081 
-0.081830 
-0.082076 
-0.082016 
-0.081964 
-0.081836 
-0.081907 
-0.081819 
-0.081620 
-0.081981 
-0.081671 
-0.081228 
-0.081104 
-0.080996 
-0.080848 
-0.080818 
-0.080500 
-0.080085 
-0.079878 
-0.079478 
-0.079598 
-0.079111 
-0.078676 
-0.078396 
-0.078118 
-0.077651 
-0.077579 
-0.076891 
-0.076721 
-0.076127 
-0.075748 
-0.075371 
-0.074811 
-0.074273 
-0.073850 
-0.073283 
-0.072604 
-0.071843 
-0.071097 
-0.071011 
-0.069946 
-0.069708 
-0.068771 
-0.068310 
-0.067416 
-0.066678 
-0.066223 
-0.065211 
-0.064531 
-0.063795 
-0.062883 
-0.062310 
-0.061552 
-0.060759 
-0.059772 
-0.059332 
-0.058358 
-0.057905 
-0.057194 
-0.056206 
-0.055574 
-0.054781 
-0.053893 
-0.053421 
-0.052729 
-0.052114 
-0.051682 
-0.050843 
-0.050272 
-0.049648 
-0.048972 
-0.048674 
-0.048211 
-0.047437 
-0.046999 
-0.046677 
-0.046145 
-0.046104 
-0.045660 
-0.045220 
-0.044830 
-0.044876 
-0.044284 
-0.043956 
-0.043639 
-0.043207 
-0.043213 
-0.042779 
-0.042508 
-0.042448 
-0.042466 
-0.041949 
-0.041830 
-0.041551 
-0.041474 
-0.041037 
-0.041140 
-0.040988 
-0.040851 
-0.040810 
-0.040589 
-0.040671 
-0.040321 
-0.040271 
-0.040013 
-0.040335 
-0.039875 
-0.039807 
-0.039964 
-0.039896 
-0.039931 
-0.040004 
-0.040040 
-0.040059 
-0.040064 
-0.040104 
-0.039989 
-0.040277 
-0.040017 
-0.040263 
-0.040575 
-0.040344 
-0.040291 
-0.040386 
-0.040900 
-0.040468 
-0.040799 
-0.040897 
-0.040860 
-0.040939 
-0.040962 
-0.041042 
-0.041037 
-0.041367 
-0.040804 
-0.041043 
-0.040992 
-0.040959 
-0.040852 
-0.040564 
-0.040171 
-0.040165 
-0.040195 
-0.039620 
-0.039429 
-0.039078 
-0.038860 
-0.038446 
-0.038198 
-0.037739 
-0.037309 
-0.036491 
-0.036301 
-0.035707 
-0.035163 
-0.034630 
-0.033865 
-0.033545 
-0.032962 
-0.032356 
-0.031201 
-0.031032 
-0.030166 
-0.029517 
-0.028932 
-0.028318 
-0.027528 
-0.026904 
-0.026417 
-0.025566 
-0.024984 
-0.024226 
-0.023661 
-0.023270 
-0.022206 
-0.021564 
-0.020871 
-0.020375 
-0.019704 
-0.019273 
-0.018770 
-0.018000 
-0.017456 
-0.016794 
-0.016576 
-0.016269 
-0.015511 
-0.015117 
-0.014437 
-0.014155 
-0.013479 
-0.013076 
-0.012391 
-0.011903 
-0.011640 
-0.011198 
-0.010871 
-0.010382 
-0.010223 
-0.009346 
-0.009090 
-0.008726 
-0.008580 
-0.008089 
-0.007674 
-0.007332 
-0.007373 
-0.007040 
-0.006549 
-0.006182 
-0.006085 
-0.005761 
-0.005583 
-0.005224 
-0.005322 
-0.005009 
-0.004817 
-0.004707 
-0.004661 
-0.004130 
-0.004264 
-0.004236 
-0.003852 
-0.003580 
-0.003612 
-0.003723 
-0.003437 
-0.003373 
-0.003080 
-0.002960 
-0.003533 
-0.003029 
-0.002849 
-0.002859 
-0.002956 
-0.002446 
-0.002292 
-0.002281 
-0.002436 
-0.002364 
-0.002158 
-0.001992 
-0.002160 
-0.002154 
-0.001726 
-0.001735 
-0.001632 
-0.001500 
-0.001756 
-0.001791 
-0.001606 
-0.001682 
-0.001402 
-0.001648 
-0.001339 
-0.001629 
-0.001380 
-0.001409 
-0.001058 
-0.001196 
-0.001049 
-0.001219 
-0.001193 
-0.001117 
-0.001125 
-0.001037 
-0.001146 
-0.000946 
-0.001090 
-0.000903 
-0.000954 
-0.000557 
-0.000937 
-0.000709 
-0.000579 
-0.000613 
-0.000623 
-0.000561 
-0.000520 
-0.000497 
-0.000608 
-0.000482 
-0.000512 
-0.000426 
-0.000349 
-0.000473 
-0.000312 
-0.000461 
-0.000396 
-0.000205 
-0.000244 
-0.000424 
-0.000560 
-0.000524 
-0.000186 
-0.000604 
-0.000388 
-0.000224 
-0.000344 
-0.000172 
-0.000190 
-0.000244 
-0.000288 
-0.000219 
-0.000083 
-0.000152 
-0.000086 
-0.000077 
-0.000188 
-0.000260 
-0.000329 
-0.000003 
