-0.048450 
-0.048404 
-0.049377 
-0.049983 
-0.050852 
-0.050562 
-0.051144 
-0.051914 
-0.052572 
-0.052470 
-0.053392 
-0.054022 
-0.054315 
-0.054626 
-0.055508 
-0.056110 
-0.056476 
-0.056475 
-0.057061 
-0.057851 
-0.058551 
-0.058815 
-0.058874 
-0.059421 
-0.059878 
-0.060573 
-0.060759 
-0.061211 
-0.061665 
-0.062146 
-0.062423 
-0.062902 
-0.063205 
-0.063682 
-0.063948 
-0.064299 
-0.064788 
-0.065014 
-0.065168 
-0.065926 
-0.066225 
-0.066630 
-0.066517 
-0.067103 
-0.067598 
-0.067719 
-0.067881 
-0.068393 
-0.068709 
-0.068887 
-0.069579 
-0.069717 
-0.069619 
-0.069941 
-0.070241 
-0.070609 
-0.070828 
-0.071108 
-0.071336 
-0.071854 
-0.071768 
-0.071984 
-0.072574 
-0.072932 
-0.073071 
-0.073281 
-0.073615 
-0.073732 
-0.074234 
-0.074620 
-0.074712 
-0.074955 
-0.075529 
-0.075623 
-0.075945 
-0.076340 
-0.076651 
-0.076849 
-0.076950 
-0.077773 
-0.077835 
-0.078047 
-0.078671 
-0.078590 
-0.078978 
-0.079476 
-0.079447 
-0.079853 
-0.079893 
-0.080298 
-0.080285 
-0.080571 
-0.080974 
-0.081021 
-0.081236 
-0.081680 
-0.081420 
-0.081491 
-0.081667 
-0.081662 
-0.081864 
-0.081364 
-0.081746 
-0.081888 
-0.081662 
-0.081711 
-0.081721 
-0.081653 
-0.081468 
-0.081442 
-0.081496 
-0.081116 
-0.080988 
-0.080805 
-0.080698 
-0.080507 
-0.080369 
-0.080190 
-0.079696 
-0.079409 
-0.079198 
-0.078798 
-0.078470 
-0.078413 
-0.078010 
-0.077533 
-0.077129 
-0.076779 
-0.076397 
-0.075943 
-0.075384 
-0.075278 
-0.074688 
-0.074001 
-0.073444 
-0.073114 
-0.072445 
-0.071909 
-0.071201 
-0.070791 
-0.070127 
-0.069597 
-0.068804 
-0.068196 
-0.067228 
-0.066302 
-0.065826 
-0.065054 
-0.064293 
-0.063554 
-0.062718 
-0.062049 
-0.061274 
-0.060443 
-0.059989 
-0.059276 
-0.058265 
-0.057555 
-0.057037 
-0.055813 
-0.055548 
-0.054617 
-0.053845 
-0.053106 
-0.052598 
-0.052167 
-0.051563 
-0.050570 
-0.050114 
-0.049632 
-0.048751 
-0.048346 
-0.048025 
-0.047388 
-0.046891 
-0.046500 
-0.046241 
-0.045702 
-0.045443 
-0.045229 
-0.044772 
-0.044573 
-0.044034 
-0.043644 
-0.043553 
-0.043311 
-0.042900 
-0.042653 
-0.042421 
-0.042119 
-0.042194 
-0.041844 
-0.041636 
-0.041351 
-0.041344 
-0.041051 
-0.040883 
-0.040853 
-0.040920 
-0.040647 
-0.040624 
-0.040445 
-0.040365 
-0.040062 
-0.039768 
-0.040040 
-0.039909 
-0.039686 
-0.039622 
-0.039822 
-0.039674 
-0.039892 
-0.039676 
-0.039787 
-0.039940 
-0.039722 
-0.039901 
-0.039909 
-0.039883 
-0.040025 
-0.040444 
-0.040145 
-0.040121 
-0.040270 
-0.040588 
-0.040306 
-0.040640 
-0.040604 
-0.040518 
-0.040620 
-0.040767 
-0.040804 
-0.041035 
-0.041015 
-0.040760 
-0.040720 
-0.040676 
-0.040752 
-0.040569 
-0.040212 
-0.040018 
-0.039899 
-0.039990 
-0.039469 
-0.039453 
-0.038996 
-0.038703 
-0.038257 
-0.038083 
-0.037612 
-0.037139 
-0.036318 
-0.036181 
-0.035678 
-0.035002 
-0.034441 
-0.033807 
-0.033322 
-0.032766 
-0.032085 
-0.031153 
-0.030667 
-0.029941 
-0.029299 
-0.028832 
-0.027944 
-0.027501 
-0.026687 
-0.026270 
-0.025287 
-0.024879 
-0.024077 
-0.023332 
-0.023014 
-0.021956 
-0.021397 
-0.020440 
-0.020323 
-0.019512 
-0.018889 
-0.018466 
-0.017661 
-0.017491 
-0.016669 
-0.016404 
-0.015811 
-0.015277 
-0.014889 
-0.014272 
-0.013993 
-0.013330 
-0.012778 
-0.012204 
-0.011547 
-0.011432 
-0.010842 
-0.010639 
-0.010160 
-0.009779 
-0.009270 
-0.009080 
-0.008514 
-0.008351 
-0.007906 
-0.007322 
-0.007168 
-0.007152 
-0.006857 
-0.006369 
-0.005920 
-0.005908 
-0.005634 
-0.005547 
-0.004987 
-0.005212 
-0.005042 
-0.004477 
-0.004401 
-0.004435 
-0.004181 
-0.004205 
-0.003869 
-0.003699 
-0.003547 
-0.003364 
-0.003357 
-0.003177 
-0.003096 
-0.002985 
-0.002827 
-0.002908 
-0.002730 
-0.002516 
-0.002719 
-0.002478 
-0.002176 
-0.002049 
-0.002140 
-0.002172 
-0.002220 
-0.001820 
-0.001793 
-0.001915 
-0.001850 
-0.001442 
-0.001791 
-0.001462 
-0.001371 
-0.001319 
-0.001556 
-0.001288 
-0.001279 
-0.001246 
-0.001446 
-0.001251 
-0.001461 
-0.001090 
-0.001201 
-0.001006 
-0.001039 
-0.000967 
-0.001210 
-0.000884 
-0.000971 
-0.001066 
-0.000922 
-0.000807 
-0.000911 
-0.000813 
-0.000766 
-0.000806 
-0.000460 
-0.000857 
-0.000515 
-0.000602 
-0.000311 
-0.000535 
-0.000516 
-0.000519 
-0.000433 
-0.000519 
-0.000476 
-0.000311 
-0.000384 
-0.000273 
-0.000277 
-0.000258 
-0.000472 
-0.000164 
-0.000257 
-0.000312 
-0.000330 
-0.000242 
-0.000328 
-0.000093 
-0.000250 
-0.000318 
-0.000243 
-0.000203 
0.000154  
-0.000134 
-0.000192 
-0.000338 
-0.000186 
-0.000191 
-0.000023 
-0.000136 
-0.000389 
-0.000188 
-0.000055 
-0.000308 
0.000010  
