-0.060154 
-0.060981 
-0.062133 
-0.063389 
-0.064785 
-0.065391 
-0.066423 
-0.067658 
-0.069033 
-0.069682 
-0.070994 
-0.071981 
-0.073033 
-0.074192 
-0.075108 
-0.075975 
-0.077257 
-0.078102 
-0.079193 
-0.079966 
-0.081383 
-0.082340 
-0.083056 
-0.084056 
-0.085115 
-0.086007 
-0.086789 
-0.088024 
-0.088955 
-0.089724 
-0.090976 
-0.091760 
-0.092740 
-0.093517 
-0.094242 
-0.095203 
-0.096235 
-0.096886 
-0.097364 
-0.098739 
-0.099399 
-0.100125 
-0.100789 
-0.101643 
-0.102527 
-0.103379 
-0.104231 
-0.104784 
-0.105302 
-0.106247 
-0.107159 
-0.107860 
-0.108222 
-0.108768 
-0.109841 
-0.110345 
-0.111272 
-0.111859 
-0.112512 
-0.113079 
-0.113627 
-0.114529 
-0.115336 
-0.116058 
-0.116563 
-0.117108 
-0.117748 
-0.118559 
-0.119409 
-0.119948 
-0.120931 
-0.121328 
-0.122384 
-0.122813 
-0.123682 
-0.124292 
-0.124957 
-0.125748 
-0.126226 
-0.126974 
-0.127852 
-0.128561 
-0.129109 
-0.129705 
-0.130327 
-0.130801 
-0.131406 
-0.132168 
-0.132187 
-0.132886 
-0.133589 
-0.133746 
-0.134258 
-0.134442 
-0.134887 
-0.135231 
-0.135099 
-0.135468 
-0.135685 
-0.135643 
-0.135532 
-0.135518 
-0.135617 
-0.135726 
-0.135336 
-0.134961 
-0.134828 
-0.134563 
-0.134249 
-0.134035 
-0.133551 
-0.132695 
-0.132093 
-0.131708 
-0.131039 
-0.130354 
-0.129643 
-0.128815 
-0.127722 
-0.126884 
-0.126110 
-0.124946 
-0.123981 
-0.123079 
-0.122002 
-0.120537 
-0.119602 
-0.118100 
-0.117078 
-0.115578 
-0.114190 
-0.112590 
-0.111148 
-0.109398 
-0.108011 
-0.106410 
-0.104537 
-0.102895 
-0.101078 
-0.099445 
-0.097134 
-0.095627 
-0.093514 
-0.091571 
-0.089386 
-0.086968 
-0.085360 
-0.082718 
-0.080694 
-0.078478 
-0.076083 
-0.074068 
-0.071790 
-0.069536 
-0.067404 
-0.065059 
-0.062712 
-0.060611 
-0.058673 
-0.056006 
-0.054138 
-0.051754 
-0.049542 
-0.047504 
-0.045256 
-0.043280 
-0.041158 
-0.039000 
-0.036959 
-0.035266 
-0.032977 
-0.031318 
-0.029547 
-0.027894 
-0.026122 
-0.024239 
-0.022734 
-0.021270 
-0.019662 
-0.017848 
-0.016591 
-0.015255 
-0.013653 
-0.012351 
-0.011157 
-0.009628 
-0.008394 
-0.007254 
-0.006282 
-0.005173 
-0.004268 
-0.003100 
-0.002146 
-0.001358 
-0.000156 
0.000610  
0.001280  
0.002006  
0.002936  
0.003390  
0.003996  
0.004569  
0.005098  
0.006080  
0.006578  
0.006906  
0.007472  
0.008288  
0.008463  
0.008806  
0.009029  
0.009348  
0.010000  
0.010129  
0.010520  
0.010924  
0.011247  
0.011690  
0.011720  
0.012209  
0.012128  
0.012700  
0.012996  
0.013316  
0.013106  
0.013797  
0.013848  
0.014112  
0.014373  
0.014502  
0.014639  
0.014759  
0.014610  
0.014751  
0.015112  
0.015349  
0.015424  
0.015266  
0.015438  
0.015629  
0.015741  
0.015718  
0.015679  
0.015946  
0.015842  
0.015913  
0.015721  
0.016005  
0.015802  
0.015817  
0.015839  
0.016005  
0.015767  
0.015953  
0.015819  
0.015703  
0.015780  
0.015760  
0.015634  
0.015455  
0.015733  
0.015437  
0.015594  
0.015515  
0.015572  
0.015455  
0.015414  
0.015210  
0.015183  
0.015129  
0.015243  
0.015167  
0.015205  
0.014964  
0.015353  
0.015228  
0.015465  
0.015086  
0.015241  
0.015216  
0.014948  
0.015307  
0.015122  
0.015254  
0.015226  
0.015016  
0.015218  
0.015080  
0.015212  
0.015013  
0.015252  
0.015367  
0.015565  
0.015777  
0.015525  
0.015565  
0.015680  
0.015700  
0.015631  
0.015752  
0.015912  
0.015912  
0.015913  
0.015993  
0.016354  
0.016110  
0.016166  
0.016066  
0.016344  
0.016379  
0.016787  
0.016686  
0.016527  
0.016747  
0.016458  
0.016520  
0.017021  
0.016701  
0.016691  
0.016792  
0.016982  
0.016742  
0.017038  
0.017211  
0.016891  
0.017001  
0.017222  
0.016990  
0.017304  
0.017098  
0.017062  
0.017158  
0.017406  
0.016977  
0.017105  
0.017266  
0.017233  
0.017340  
0.017077  
0.017252  
0.017608  
0.017575  
0.017348  
0.017432  
0.017628  
0.017355  
0.017341  
0.017654  
0.017402  
0.017478  
0.017462  
0.017553  
0.017793  
0.017484  
0.017436  
0.017207  
0.017614  
0.017588  
0.017821  
0.017730  
0.017663  
0.017503  
0.017336  
0.017558  
0.017421  
0.017250  
0.017340  
0.017549  
0.017653  
0.017558  
0.017711  
0.017671  
0.017465  
0.017614  
0.017522  
0.017582  
0.017777  
0.017745  
0.017613  
0.017674  
0.017497  
0.017671  
0.017632  
0.017967  
0.017734  
0.017713  
0.017602  
0.017388  
0.017573  
0.017423  
0.017564  
0.017520  
0.017491  
0.017478  
0.017617  
0.017339  
0.017359  
0.017381  
0.017436  
0.017263  
0.017510  
0.017405  
0.017531  
0.017417  
0.017519  
0.017446  
0.017395  
0.017264  
0.017271  
0.017522  
0.017372  
0.017255  
