-0.059806 
-0.060650 
-0.061915 
-0.062900 
-0.064354 
-0.065305 
-0.066134 
-0.067166 
-0.068719 
-0.069392 
-0.070801 
-0.071782 
-0.072917 
-0.073754 
-0.074799 
-0.075800 
-0.076849 
-0.077629 
-0.079243 
-0.079791 
-0.081142 
-0.082318 
-0.082532 
-0.083679 
-0.084686 
-0.085445 
-0.086544 
-0.087645 
-0.088487 
-0.089594 
-0.090711 
-0.091408 
-0.092204 
-0.093134 
-0.093760 
-0.094781 
-0.095914 
-0.096485 
-0.096869 
-0.098392 
-0.098860 
-0.100037 
-0.100430 
-0.101537 
-0.102134 
-0.102891 
-0.103354 
-0.104162 
-0.105025 
-0.105999 
-0.106856 
-0.107304 
-0.107986 
-0.108542 
-0.109656 
-0.109850 
-0.110718 
-0.111287 
-0.111879 
-0.112829 
-0.113177 
-0.113812 
-0.114778 
-0.115544 
-0.116170 
-0.116712 
-0.117497 
-0.118063 
-0.118971 
-0.119544 
-0.120233 
-0.120841 
-0.121605 
-0.122162 
-0.122985 
-0.123824 
-0.124555 
-0.125205 
-0.125639 
-0.126725 
-0.127192 
-0.127738 
-0.128647 
-0.128903 
-0.129749 
-0.130320 
-0.130809 
-0.131290 
-0.131878 
-0.132292 
-0.132879 
-0.133034 
-0.133695 
-0.133774 
-0.134181 
-0.134519 
-0.134462 
-0.134776 
-0.134943 
-0.135122 
-0.135131 
-0.134886 
-0.134833 
-0.134860 
-0.134641 
-0.134411 
-0.134372 
-0.133945 
-0.133754 
-0.133322 
-0.132801 
-0.132064 
-0.131682 
-0.131057 
-0.130309 
-0.129521 
-0.128972 
-0.127967 
-0.127145 
-0.126019 
-0.125452 
-0.124387 
-0.123285 
-0.122257 
-0.121185 
-0.119776 
-0.118772 
-0.117483 
-0.116151 
-0.114710 
-0.113264 
-0.111785 
-0.110247 
-0.108549 
-0.107393 
-0.105736 
-0.104050 
-0.102129 
-0.100028 
-0.098603 
-0.096694 
-0.094847 
-0.092745 
-0.090736 
-0.088591 
-0.086414 
-0.084463 
-0.082266 
-0.080016 
-0.077660 
-0.075291 
-0.073519 
-0.071189 
-0.068666 
-0.066524 
-0.064408 
-0.061925 
-0.060040 
-0.057902 
-0.055150 
-0.053414 
-0.051043 
-0.048754 
-0.046635 
-0.044684 
-0.042303 
-0.040546 
-0.038471 
-0.036548 
-0.034451 
-0.032216 
-0.030636 
-0.028761 
-0.027037 
-0.025431 
-0.023523 
-0.022025 
-0.020520 
-0.019024 
-0.017184 
-0.015881 
-0.014320 
-0.012984 
-0.011343 
-0.010220 
-0.008977 
-0.007641 
-0.006509 
-0.005533 
-0.004274 
-0.003466 
-0.002391 
-0.001382 
-0.000553 
0.000366  
0.001361  
0.002113  
0.002971  
0.003483  
0.004113  
0.004924  
0.005429  
0.006127  
0.006898  
0.007275  
0.007688  
0.008380  
0.008992  
0.009385  
0.009690  
0.009916  
0.010266  
0.010682  
0.010985  
0.011288  
0.011676  
0.012110  
0.012163  
0.012532  
0.012915  
0.013020  
0.013555  
0.013894  
0.014198  
0.014137  
0.014648  
0.014679  
0.015021  
0.015121  
0.015456  
0.015427  
0.015521  
0.015751  
0.015660  
0.015934  
0.016015  
0.016139  
0.016097  
0.016336  
0.016491  
0.016626  
0.016837  
0.016669  
0.016808  
0.016563  
0.016844  
0.016630  
0.016839  
0.016635  
0.016735  
0.016656  
0.016837  
0.016578  
0.016708  
0.016667  
0.016686  
0.016762  
0.016668  
0.016428  
0.016308  
0.016458  
0.016399  
0.016439  
0.016277  
0.016373  
0.016277  
0.016188  
0.016049  
0.016010  
0.016047  
0.016099  
0.015830  
0.015997  
0.015896  
0.016156  
0.015902  
0.016122  
0.015966  
0.016068  
0.015994  
0.015981  
0.016144  
0.015912  
0.016008  
0.015927  
0.015932  
0.016042  
0.016026  
0.015894  
0.016029  
0.016264  
0.016136  
0.016471  
0.016466  
0.016268  
0.016573  
0.016475  
0.016644  
0.016459  
0.016763  
0.016842  
0.016906  
0.016839  
0.016623  
0.017103  
0.017104  
0.016940  
0.017200  
0.017197  
0.017348  
0.017404  
0.017456  
0.017555  
0.017638  
0.017482  
0.017478  
0.017706  
0.017705  
0.017548  
0.017663  
0.017511  
0.017682  
0.017991  
0.018012  
0.017859  
0.017951  
0.018103  
0.017809  
0.018056  
0.018121  
0.017809  
0.018040  
0.018105  
0.018136  
0.018069  
0.018295  
0.018177  
0.018135  
0.018114  
0.018070  
0.018423  
0.018540  
0.018005  
0.018238  
0.018361  
0.018560  
0.018420  
0.018553  
0.018369  
0.018402  
0.018262  
0.018436  
0.018760  
0.018425  
0.018586  
0.018042  
0.018521  
0.018402  
0.018566  
0.018642  
0.018522  
0.018381  
0.018340  
0.018419  
0.018385  
0.018307  
0.018434  
0.018572  
0.018475  
0.018450  
0.018514  
0.018884  
0.018371  
0.018546  
0.018659  
0.018595  
0.018673  
0.018909  
0.018576  
0.018612  
0.018429  
0.018442  
0.018662  
0.018720  
0.018609  
0.018584  
0.018469  
0.018375  
0.018605  
0.018409  
0.018609  
0.018377  
0.018532  
0.018348  
0.018461  
0.018349  
0.018354  
0.018500  
0.018563  
0.018422  
0.018409  
0.018391  
0.018333  
0.018500  
0.018426  
0.018397  
0.018594  
0.018308  
0.018379  
0.018506  
0.018374  
0.018404  
