-0.041658 
-0.042526 
-0.044026 
-0.045131 
-0.046703 
-0.048168 
-0.048806 
-0.050319 
-0.051435 
-0.052468 
-0.054234 
-0.054916 
-0.056107 
-0.057207 
-0.058375 
-0.059391 
-0.060996 
-0.061730 
-0.063348 
-0.064121 
-0.065604 
-0.066439 
-0.067492 
-0.068420 
-0.069527 
-0.070683 
-0.071514 
-0.072338 
-0.073772 
-0.074672 
-0.075389 
-0.077057 
-0.077691 
-0.078474 
-0.079762 
-0.080773 
-0.081673 
-0.082249 
-0.083208 
-0.084542 
-0.085154 
-0.086387 
-0.086752 
-0.087844 
-0.089043 
-0.089615 
-0.090420 
-0.091274 
-0.091810 
-0.092856 
-0.093875 
-0.094550 
-0.095122 
-0.095906 
-0.096920 
-0.097628 
-0.098284 
-0.099301 
-0.099724 
-0.100971 
-0.101353 
-0.102121 
-0.103043 
-0.104092 
-0.104591 
-0.105261 
-0.106049 
-0.106674 
-0.107798 
-0.108467 
-0.109449 
-0.109917 
-0.111032 
-0.111692 
-0.112677 
-0.113616 
-0.114485 
-0.115158 
-0.115789 
-0.116814 
-0.117604 
-0.118567 
-0.119157 
-0.119785 
-0.120817 
-0.121141 
-0.121752 
-0.122634 
-0.122874 
-0.123453 
-0.124145 
-0.124584 
-0.124824 
-0.125292 
-0.125652 
-0.126122 
-0.126006 
-0.125980 
-0.126416 
-0.126578 
-0.126485 
-0.126438 
-0.126132 
-0.126142 
-0.125568 
-0.125112 
-0.124861 
-0.124449 
-0.123978 
-0.123377 
-0.122788 
-0.121813 
-0.121080 
-0.120380 
-0.119257 
-0.118414 
-0.117503 
-0.116409 
-0.114911 
-0.113859 
-0.112650 
-0.111274 
-0.109864 
-0.108801 
-0.107275 
-0.105476 
-0.104312 
-0.102163 
-0.100535 
-0.098668 
-0.096845 
-0.095008 
-0.093188 
-0.090800 
-0.089015 
-0.087175 
-0.084987 
-0.082449 
-0.080298 
-0.077916 
-0.075398 
-0.073179 
-0.070561 
-0.067971 
-0.065384 
-0.062611 
-0.060178 
-0.056989 
-0.054482 
-0.051409 
-0.048465 
-0.045919 
-0.043215 
-0.040135 
-0.037278 
-0.034732 
-0.031572 
-0.028631 
-0.026087 
-0.023069 
-0.020614 
-0.017313 
-0.014488 
-0.011928 
-0.009023 
-0.006175 
-0.003834 
-0.000991 
0.001482  
0.003927  
0.006957  
0.009260  
0.011782  
0.013913  
0.016183  
0.018551  
0.020712  
0.022687  
0.024768  
0.026881  
0.028964  
0.030677  
0.032996  
0.034772  
0.036306  
0.038354  
0.040108  
0.042044  
0.043152  
0.044631  
0.045996  
0.047497  
0.048793  
0.049968  
0.051331  
0.052563  
0.053851  
0.054851  
0.055727  
0.056601  
0.057684  
0.058404  
0.059271  
0.060176  
0.060978  
0.061775  
0.062352  
0.063390  
0.063828  
0.064501  
0.064892  
0.065274  
0.066164  
0.066624  
0.067062  
0.067771  
0.068179  
0.068794  
0.069232  
0.069904  
0.070148  
0.070911  
0.071416  
0.071786  
0.072018  
0.072538  
0.072864  
0.073172  
0.073584  
0.074005  
0.074213  
0.074479  
0.074606  
0.074694  
0.075179  
0.075071  
0.075090  
0.075022  
0.075279  
0.075209  
0.075163  
0.075266  
0.074934  
0.074877  
0.074637  
0.074523  
0.074215  
0.073953  
0.073353  
0.073205  
0.072661  
0.072438  
0.071731  
0.071326  
0.070765  
0.070345  
0.069997  
0.069178  
0.068583  
0.067651  
0.067412  
0.066558  
0.066220  
0.065189  
0.064495  
0.063963  
0.063409  
0.062566  
0.061764  
0.061224  
0.060477  
0.059836  
0.059205  
0.058437  
0.058236  
0.057455  
0.057159  
0.056239  
0.055855  
0.055266  
0.054693  
0.054251  
0.053458  
0.052981  
0.052555  
0.051851  
0.051664  
0.051153  
0.050791  
0.050192  
0.050150  
0.049708  
0.049490  
0.049187  
0.048743  
0.048301  
0.048140  
0.047988  
0.047638  
0.047535  
0.047216  
0.047118  
0.046819  
0.046776  
0.046805  
0.046470  
0.046119  
0.046181  
0.045935  
0.046093  
0.045868  
0.045844  
0.045854  
0.045662  
0.045597  
0.045326  
0.045538  
0.045172  
0.045085  
0.045058  
0.044770  
0.044868  
0.044825  
0.044898  
0.044846  
0.044589  
0.044801  
0.044547  
0.044731  
0.044460  
0.044510  
0.044538  
0.044621  
0.044316  
0.044073  
0.044313  
0.044347  
0.044333  
0.044294  
0.043943  
0.044281  
0.044096  
0.043827  
0.044104  
0.044238  
0.044080  
0.044131  
0.044122  
0.043848  
0.043721  
0.043869  
0.043842  
0.044012  
0.043739  
0.044031  
0.043537  
0.043753  
0.043888  
0.043901  
0.044017  
0.043746  
0.043653  
0.043735  
0.043785  
0.043714  
0.043609  
0.043524  
0.043886  
0.043537  
0.043838  
0.043680  
0.043980  
0.043469  
0.043545  
0.043665  
0.043449  
0.043505  
0.043563  
0.043401  
0.043347  
0.043068  
0.043073  
0.043239  
0.043335  
0.043223  
0.043095  
0.043177  
0.042910  
0.043102  
0.043046  
0.042942  
0.042854  
0.042855  
0.042607  
0.042904  
0.042718  
0.042673  
0.042688  
0.042610  
0.042767  
0.042632  
0.042618  
0.042426  
0.042549  
0.042510  
0.042750  
0.042472  
0.042714  
0.042513  
0.042523  
0.042486  
0.042711  
