-0.100801 
-0.101644 
-0.102974 
-0.104017 
-0.105195 
-0.106463 
-0.107547 
-0.109279 
-0.109919 
-0.110856 
-0.112251 
-0.113747 
-0.114462 
-0.115792 
-0.116730 
-0.117586 
-0.119048 
-0.120037 
-0.121266 
-0.122072 
-0.123503 
-0.124592 
-0.125299 
-0.126310 
-0.127271 
-0.128492 
-0.129333 
-0.130360 
-0.131438 
-0.132662 
-0.133361 
-0.134707 
-0.135598 
-0.136445 
-0.137276 
-0.138357 
-0.139511 
-0.139931 
-0.140561 
-0.141928 
-0.142761 
-0.143853 
-0.144628 
-0.145562 
-0.146250 
-0.147039 
-0.147677 
-0.148575 
-0.149100 
-0.150175 
-0.151235 
-0.151575 
-0.152247 
-0.152906 
-0.154092 
-0.154738 
-0.155367 
-0.155793 
-0.156603 
-0.157691 
-0.158010 
-0.158626 
-0.159573 
-0.160428 
-0.161395 
-0.161664 
-0.162597 
-0.163279 
-0.164154 
-0.164899 
-0.165685 
-0.166184 
-0.167141 
-0.167725 
-0.168581 
-0.169625 
-0.170532 
-0.171187 
-0.171616 
-0.172747 
-0.173455 
-0.174076 
-0.174962 
-0.175521 
-0.176089 
-0.176999 
-0.177361 
-0.177969 
-0.178534 
-0.179106 
-0.179506 
-0.179996 
-0.180454 
-0.180697 
-0.181171 
-0.181519 
-0.181453 
-0.181692 
-0.182053 
-0.181930 
-0.181918 
-0.181961 
-0.182006 
-0.181913 
-0.181516 
-0.181222 
-0.180967 
-0.180493 
-0.179971 
-0.179745 
-0.179380 
-0.178599 
-0.177910 
-0.177129 
-0.176474 
-0.175704 
-0.174728 
-0.174027 
-0.172814 
-0.171630 
-0.170863 
-0.169687 
-0.168288 
-0.167513 
-0.166192 
-0.164794 
-0.163489 
-0.161899 
-0.160603 
-0.158849 
-0.157398 
-0.155448 
-0.154052 
-0.151941 
-0.150550 
-0.148988 
-0.146938 
-0.144812 
-0.142730 
-0.140893 
-0.138451 
-0.136669 
-0.134151 
-0.131975 
-0.129648 
-0.127163 
-0.125007 
-0.122349 
-0.119986 
-0.117281 
-0.114541 
-0.112388 
-0.109676 
-0.107132 
-0.104716 
-0.102314 
-0.099624 
-0.097295 
-0.095080 
-0.092214 
-0.090047 
-0.087419 
-0.084876 
-0.082430 
-0.079976 
-0.077724 
-0.075514 
-0.073354 
-0.071138 
-0.068985 
-0.066399 
-0.064572 
-0.062633 
-0.060735 
-0.058827 
-0.056970 
-0.054858 
-0.053220 
-0.051250 
-0.049655 
-0.047931 
-0.046632 
-0.044973 
-0.043544 
-0.042168 
-0.040688 
-0.039519 
-0.038026 
-0.036767 
-0.035581 
-0.034782 
-0.033209 
-0.032097 
-0.031249 
-0.030172 
-0.029491 
-0.028582 
-0.027646 
-0.026964 
-0.026180 
-0.025411 
-0.024832 
-0.024151 
-0.023236 
-0.022677 
-0.022264 
-0.021781 
-0.021176 
-0.020647 
-0.020380 
-0.020001 
-0.019644 
-0.019154 
-0.018716 
-0.018536 
-0.018033 
-0.017674 
-0.017427 
-0.017112 
-0.016590 
-0.016688 
-0.016128 
-0.015837 
-0.015561 
-0.015519 
-0.014946 
-0.015039 
-0.014760 
-0.014598 
-0.014270 
-0.014252 
-0.014019 
-0.013910 
-0.013988 
-0.013371 
-0.013411 
-0.013201 
-0.013120 
-0.012810 
-0.012754 
-0.012439 
-0.012344 
-0.012432 
-0.012131 
-0.012050 
-0.011654 
-0.011858 
-0.011462 
-0.011585 
-0.011395 
-0.011207 
-0.011104 
-0.010959 
-0.010785 
-0.010726 
-0.010469 
-0.010267 
-0.010110 
-0.010194 
-0.010242 
-0.009702 
-0.009790 
-0.009565 
-0.009477 
-0.009315 
-0.009275 
-0.009261 
-0.009033 
-0.008891 
-0.008707 
-0.008727 
-0.008488 
-0.008263 
-0.008337 
-0.007963 
-0.008010 
-0.007726 
-0.007718 
-0.007487 
-0.007452 
-0.007525 
-0.007090 
-0.007160 
-0.007016 
-0.007027 
-0.006965 
-0.006624 
-0.006812 
-0.006554 
-0.006575 
-0.006389 
-0.006324 
-0.005947 
-0.005765 
-0.005721 
-0.005753 
-0.005762 
-0.005407 
-0.005359 
-0.005173 
-0.005182 
-0.005114 
-0.005015 
-0.005093 
-0.004673 
-0.004757 
-0.004674 
-0.004587 
-0.004523 
-0.004316 
-0.004172 
-0.004316 
-0.004227 
-0.004130 
-0.004072 
-0.004243 
-0.003907 
-0.004134 
-0.004089 
-0.003851 
-0.003988 
-0.003883 
-0.003570 
-0.003552 
-0.003734 
-0.003652 
-0.003725 
-0.003624 
-0.003545 
-0.003469 
-0.003504 
-0.003455 
-0.003272 
-0.003433 
-0.003615 
-0.003405 
-0.003379 
-0.003182 
-0.003371 
-0.003309 
-0.002881 
-0.003064 
-0.003197 
-0.003152 
-0.002856 
-0.003049 
-0.002811 
-0.002897 
-0.002925 
-0.002873 
-0.003014 
-0.002849 
-0.002682 
-0.002769 
-0.002627 
-0.002938 
-0.002478 
-0.002470 
-0.002474 
-0.002642 
-0.002456 
-0.002572 
-0.002578 
-0.002601 
-0.002574 
-0.002546 
-0.002415 
-0.002359 
-0.002485 
-0.002134 
-0.002344 
-0.002037 
-0.002554 
-0.002299 
-0.002394 
-0.002203 
-0.001946 
-0.002007 
-0.001910 
-0.001970 
-0.002087 
-0.002103 
-0.002028 
-0.001943 
-0.002057 
-0.002013 
-0.001937 
-0.001961 
-0.001909 
-0.002007 
-0.001872 
-0.001793 
-0.001669 
-0.001758 
-0.001725 
-0.002095 
-0.002019 
-0.001832 
-0.001828 
-0.001671 
-0.001757 
-0.001738 
-0.001765 
-0.001773 
-0.001634 
-0.001544 
-0.001691 
-0.001709 
-0.001689 
-0.001580 
-0.001717 
-0.001505 
