-0.071703 
-0.073420 
-0.074724 
-0.076030 
-0.077092 
-0.078750 
-0.080044 
-0.081188 
-0.082808 
-0.083502 
-0.085137 
-0.086592 
-0.087384 
-0.088259 
-0.089658 
-0.091174 
-0.091805 
-0.093195 
-0.094433 
-0.095526 
-0.096361 
-0.097493 
-0.098694 
-0.099635 
-0.100636 
-0.101781 
-0.103068 
-0.104160 
-0.105107 
-0.106246 
-0.107213 
-0.108073 
-0.109228 
-0.110500 
-0.111601 
-0.112419 
-0.113576 
-0.114680 
-0.115603 
-0.116857 
-0.117617 
-0.118372 
-0.119523 
-0.120474 
-0.121673 
-0.122707 
-0.123720 
-0.124612 
-0.125611 
-0.126718 
-0.127566 
-0.128571 
-0.129688 
-0.130794 
-0.131439 
-0.132653 
-0.133760 
-0.134659 
-0.135608 
-0.136466 
-0.137544 
-0.138579 
-0.139543 
-0.140611 
-0.141647 
-0.142813 
-0.143742 
-0.144759 
-0.145758 
-0.147036 
-0.148134 
-0.149138 
-0.150416 
-0.151542 
-0.152463 
-0.153780 
-0.154819 
-0.155701 
-0.157008 
-0.157847 
-0.159292 
-0.160606 
-0.161757 
-0.162643 
-0.163743 
-0.164776 
-0.165652 
-0.166474 
-0.167109 
-0.167738 
-0.168730 
-0.169049 
-0.169481 
-0.170153 
-0.170128 
-0.170428 
-0.170616 
-0.170589 
-0.170566 
-0.170494 
-0.170226 
-0.170070 
-0.169748 
-0.169288 
-0.168588 
-0.167897 
-0.167193 
-0.166451 
-0.165307 
-0.164308 
-0.163165 
-0.161863 
-0.160553 
-0.159434 
-0.157507 
-0.156228 
-0.154438 
-0.152602 
-0.150707 
-0.148904 
-0.146722 
-0.144697 
-0.142588 
-0.140285 
-0.137972 
-0.135587 
-0.132961 
-0.130277 
-0.127760 
-0.124980 
-0.122107 
-0.119342 
-0.116376 
-0.113347 
-0.110440 
-0.107711 
-0.104379 
-0.101122 
-0.097794 
-0.094440 
-0.090711 
-0.087078 
-0.083437 
-0.079861 
-0.076084 
-0.072402 
-0.068601 
-0.064452 
-0.060441 
-0.056365 
-0.052296 
-0.048235 
-0.044065 
-0.039990 
-0.035867 
-0.031570 
-0.027504 
-0.023448 
-0.019340 
-0.015269 
-0.010957 
-0.006737 
-0.002631 
0.001508  
0.005628  
0.009664  
0.013766  
0.017853  
0.021917  
0.025813  
0.029717  
0.033674  
0.037770  
0.041164  
0.044682  
0.048396  
0.052707  
0.056303  
0.059930  
0.063674  
0.066726  
0.070153  
0.073424  
0.076467  
0.079671  
0.082812  
0.085918  
0.088594  
0.091525  
0.093882  
0.096759  
0.099271  
0.101383  
0.103692  
0.105747  
0.107606  
0.109595  
0.111601  
0.113302  
0.115035  
0.116705  
0.118354  
0.119673  
0.121396  
0.122634  
0.124034  
0.125551  
0.126600  
0.127930  
0.129101  
0.130152  
0.131349  
0.132727  
0.133913  
0.135131  
0.136213  
0.137347  
0.138501  
0.139422  
0.140854  
0.141923  
0.143080  
0.144150  
0.145292  
0.146396  
0.147490  
0.148414  
0.149394  
0.150153  
0.150959  
0.151723  
0.152035  
0.152581  
0.153237  
0.153339  
0.153628  
0.153686  
0.153755  
0.153527  
0.153038  
0.152572  
0.152033  
0.151160  
0.150324  
0.149480  
0.148299  
0.147070  
0.145859  
0.144369  
0.142661  
0.140932  
0.138936  
0.137024  
0.134852  
0.132736  
0.130450  
0.128114  
0.125858  
0.123251  
0.120752  
0.118018  
0.115235  
0.112501  
0.109689  
0.107084  
0.104117  
0.101484  
0.098789  
0.096102  
0.093576  
0.090758  
0.088113  
0.085412  
0.082906  
0.080195  
0.077977  
0.075294  
0.072925  
0.070658  
0.068265  
0.066295  
0.063810  
0.061269  
0.058740  
0.056418  
0.054789  
0.052983  
0.051455  
0.049923  
0.048338  
0.047111  
0.045794  
0.044804  
0.043367  
0.042447  
0.041332  
0.040613  
0.039681  
0.038831  
0.037990  
0.037495  
0.036884  
0.036041  
0.035735  
0.035218  
0.034730  
0.034216  
0.033874  
0.033504  
0.032952  
0.032475  
0.032214  
0.031752  
0.031343  
0.030702  
0.030361  
0.029866  
0.029313  
0.028720  
0.028267  
0.027673  
0.027373  
0.026811  
0.026483  
0.026089  
0.025580  
0.025205  
0.024750  
0.024240  
0.024015  
0.023362  
0.023109  
0.022755  
0.022235  
0.021798  
0.021569  
0.021273  
0.020941  
0.020625  
0.020256  
0.019954  
0.019659  
0.019216  
0.019255  
0.018781  
0.018476  
0.018322  
0.018179  
0.017887  
0.017458  
0.017367  
0.017053  
0.016813  
0.016554  
0.016407  
0.016151  
0.015933  
0.015771  
0.015471  
0.015328  
0.015145  
0.015156  
0.014873  
0.014704  
0.014555  
0.014437  
0.014262  
0.014057  
0.013889  
0.013735  
0.013606  
0.013472  
0.013252  
0.013381  
0.013054  
0.012843  
0.012673  
0.012672  
0.012611  
0.012381  
0.012331  
0.011995  
0.012019  
0.012073  
0.011865  
0.011818  
0.011699  
0.011515  
0.011610  
0.011440  
0.011152  
0.011308  
0.011124  
0.010956  
0.010973  
0.010918  
0.010796  
0.010671  
0.010657  
0.010597  
0.010568  
0.010424  
0.010254  
0.010242  
0.010045  
0.010252  
0.010166  
0.010179  
0.010077  
0.009992  
0.009976  
0.009729  
