-0.071597 
-0.072952 
-0.074423 
-0.075827 
-0.077040 
-0.078295 
-0.079933 
-0.081155 
-0.082665 
-0.083636 
-0.084940 
-0.085995 
-0.086927 
-0.088449 
-0.089824 
-0.090774 
-0.091849 
-0.092841 
-0.094355 
-0.095061 
-0.096515 
-0.097396 
-0.098367 
-0.099527 
-0.100487 
-0.101704 
-0.102762 
-0.103614 
-0.104693 
-0.105597 
-0.106924 
-0.108135 
-0.109210 
-0.110188 
-0.111241 
-0.112319 
-0.113148 
-0.114190 
-0.115393 
-0.116272 
-0.117304 
-0.118227 
-0.119449 
-0.120309 
-0.121630 
-0.122424 
-0.123493 
-0.124417 
-0.125235 
-0.126376 
-0.127301 
-0.128137 
-0.129243 
-0.130323 
-0.131274 
-0.132312 
-0.133356 
-0.134336 
-0.135313 
-0.136273 
-0.137402 
-0.137987 
-0.139173 
-0.140200 
-0.141488 
-0.142329 
-0.143609 
-0.144756 
-0.145646 
-0.146696 
-0.147665 
-0.148810 
-0.150064 
-0.151137 
-0.152198 
-0.153436 
-0.154301 
-0.155460 
-0.156448 
-0.157725 
-0.158801 
-0.160282 
-0.161331 
-0.162208 
-0.163327 
-0.164285 
-0.165003 
-0.166042 
-0.166948 
-0.167541 
-0.168099 
-0.168827 
-0.168852 
-0.169685 
-0.169977 
-0.170174 
-0.170153 
-0.170205 
-0.170256 
-0.170158 
-0.170085 
-0.169775 
-0.169393 
-0.168760 
-0.168196 
-0.167364 
-0.166637 
-0.165923 
-0.165103 
-0.163970 
-0.162857 
-0.161414 
-0.160249 
-0.158691 
-0.157338 
-0.155590 
-0.153846 
-0.152104 
-0.150414 
-0.148436 
-0.146456 
-0.144425 
-0.142248 
-0.139892 
-0.137532 
-0.135172 
-0.132643 
-0.130179 
-0.127473 
-0.124614 
-0.121896 
-0.118947 
-0.116059 
-0.113103 
-0.110005 
-0.107499 
-0.104165 
-0.100777 
-0.097438 
-0.094045 
-0.090440 
-0.086910 
-0.083326 
-0.079613 
-0.075942 
-0.072233 
-0.068256 
-0.064429 
-0.060043 
-0.056102 
-0.052074 
-0.048034 
-0.043921 
-0.039833 
-0.035715 
-0.031696 
-0.027493 
-0.023237 
-0.019335 
-0.015107 
-0.011027 
-0.006540 
-0.002415 
0.001717  
0.005682  
0.009758  
0.013810  
0.017970  
0.021977  
0.026074  
0.030062  
0.033941  
0.037939  
0.041496  
0.044856  
0.048529  
0.052909  
0.056522  
0.060109  
0.063599  
0.067075  
0.070225  
0.073349  
0.076606  
0.079973  
0.083032  
0.085768  
0.088588  
0.091524  
0.093934  
0.096754  
0.099146  
0.101438  
0.103568  
0.105879  
0.107859  
0.109533  
0.111631  
0.113436  
0.115274  
0.116887  
0.118356  
0.119962  
0.121443  
0.122671  
0.124139  
0.125441  
0.126770  
0.127994  
0.129110  
0.130260  
0.131592  
0.132674  
0.133859  
0.135176  
0.136356  
0.137379  
0.138564  
0.139641  
0.140861  
0.141935  
0.143299  
0.144306  
0.145527  
0.146580  
0.147446  
0.148415  
0.149349  
0.150234  
0.150906  
0.151821  
0.152151  
0.152668  
0.153189  
0.153316  
0.153628  
0.153861  
0.153683  
0.153389  
0.153157  
0.152610  
0.152135  
0.151500  
0.150673  
0.149350  
0.148371  
0.147246  
0.145910  
0.144540  
0.142663  
0.140976  
0.139116  
0.137164  
0.134957  
0.132893  
0.130575  
0.128468  
0.125863  
0.123324  
0.120859  
0.118036  
0.115098  
0.112513  
0.109740  
0.107117  
0.104287  
0.101570  
0.098839  
0.096234  
0.093595  
0.090663  
0.088149  
0.085467  
0.082831  
0.080286  
0.077899  
0.075382  
0.072963  
0.070681  
0.068557  
0.066048  
0.064102  
0.061241  
0.058746  
0.056812  
0.054886  
0.053203  
0.051680  
0.049950  
0.048536  
0.047144  
0.045936  
0.044621  
0.043401  
0.042588  
0.041547  
0.040497  
0.039758  
0.038894  
0.038068  
0.037506  
0.036968  
0.036219  
0.035900  
0.035619  
0.034690  
0.034357  
0.033915  
0.033499  
0.033074  
0.032667  
0.032192  
0.031652  
0.031177  
0.030984  
0.030341  
0.029829  
0.029494  
0.028815  
0.028393  
0.027794  
0.027365  
0.027016  
0.026692  
0.025836  
0.025868  
0.025368  
0.025026  
0.024433  
0.024058  
0.023415  
0.023028  
0.022723  
0.022400  
0.022030  
0.021776  
0.021167  
0.020968  
0.020774  
0.020271  
0.020048  
0.019824  
0.019227  
0.019172  
0.019063  
0.018610  
0.018301  
0.018085  
0.017990  
0.017799  
0.017347  
0.017165  
0.016652  
0.016707  
0.016375  
0.016144  
0.016148  
0.015844  
0.015539  
0.015441  
0.015347  
0.015076  
0.015057  
0.014606  
0.014644  
0.014525  
0.014251  
0.014175  
0.013917  
0.013778  
0.013760  
0.013658  
0.013508  
0.013291  
0.013149  
0.013032  
0.012798  
0.012854  
0.012516  
0.012537  
0.012392  
0.012214  
0.012187  
0.012103  
0.012018  
0.011926  
0.011763  
0.011661  
0.011584  
0.011517  
0.011338  
0.011309  
0.011169  
0.011013  
0.010943  
0.010835  
0.010796  
0.010700  
0.010781  
0.010646  
0.010393  
0.010505  
0.010427  
0.010294  
0.010246  
0.010280  
0.010209  
0.010304  
0.010034  
0.010106  
0.010086  
0.010137  
