-0.071535 
-0.072840 
-0.074206 
-0.075342 
-0.077072 
-0.078414 
-0.079728 
-0.081045 
-0.082378 
-0.083659 
-0.085021 
-0.085890 
-0.087387 
-0.088189 
-0.089347 
-0.090563 
-0.091884 
-0.092835 
-0.093861 
-0.095206 
-0.096172 
-0.097140 
-0.098428 
-0.099391 
-0.100393 
-0.101494 
-0.102482 
-0.103737 
-0.104792 
-0.105802 
-0.106625 
-0.107578 
-0.109050 
-0.109815 
-0.111100 
-0.112139 
-0.113278 
-0.114221 
-0.115072 
-0.116212 
-0.117193 
-0.118262 
-0.118959 
-0.120069 
-0.121209 
-0.122205 
-0.123129 
-0.124163 
-0.125186 
-0.126107 
-0.127032 
-0.128145 
-0.128964 
-0.130049 
-0.131166 
-0.132053 
-0.132939 
-0.133907 
-0.135244 
-0.136046 
-0.137158 
-0.138101 
-0.139161 
-0.139869 
-0.140972 
-0.142124 
-0.143323 
-0.144388 
-0.145335 
-0.146440 
-0.147438 
-0.148614 
-0.149808 
-0.151000 
-0.151940 
-0.153114 
-0.154197 
-0.155018 
-0.155995 
-0.157435 
-0.158535 
-0.159976 
-0.161181 
-0.161846 
-0.163274 
-0.164066 
-0.164994 
-0.165831 
-0.166570 
-0.167186 
-0.167991 
-0.168461 
-0.168920 
-0.169359 
-0.169797 
-0.170085 
-0.169982 
-0.169915 
-0.169971 
-0.170000 
-0.169801 
-0.169488 
-0.169021 
-0.168499 
-0.168103 
-0.167470 
-0.166584 
-0.165801 
-0.164686 
-0.163737 
-0.162559 
-0.161305 
-0.160006 
-0.158374 
-0.157129 
-0.155496 
-0.153820 
-0.151939 
-0.150308 
-0.148160 
-0.146067 
-0.144063 
-0.142242 
-0.139762 
-0.137331 
-0.135038 
-0.132482 
-0.129906 
-0.127189 
-0.124582 
-0.121715 
-0.118835 
-0.115838 
-0.112919 
-0.109977 
-0.107129 
-0.103956 
-0.100597 
-0.097497 
-0.093971 
-0.090358 
-0.086950 
-0.083115 
-0.079498 
-0.075790 
-0.071955 
-0.068200 
-0.064249 
-0.060021 
-0.055862 
-0.052145 
-0.048006 
-0.043709 
-0.039550 
-0.035630 
-0.031520 
-0.027345 
-0.023344 
-0.019180 
-0.015021 
-0.010879 
-0.006610 
-0.002586 
0.001728  
0.005721  
0.009664  
0.014068  
0.018040  
0.021836  
0.025851  
0.030117  
0.034021  
0.037889  
0.041228  
0.044836  
0.048467  
0.052769  
0.056309  
0.060020  
0.063512  
0.067022  
0.070208  
0.073536  
0.076647  
0.079765  
0.082948  
0.085893  
0.088646  
0.091482  
0.094062  
0.096615  
0.099077  
0.101571  
0.103761  
0.105895  
0.107744  
0.109842  
0.111528  
0.113325  
0.115055  
0.116688  
0.118288  
0.119944  
0.121331  
0.122801  
0.124182  
0.125474  
0.126798  
0.128167  
0.129187  
0.130230  
0.131567  
0.132833  
0.134123  
0.135109  
0.136426  
0.137372  
0.138574  
0.139748  
0.140841  
0.142069  
0.143003  
0.144363  
0.145393  
0.146517  
0.147423  
0.148437  
0.149372  
0.150288  
0.151076  
0.151509  
0.152039  
0.152788  
0.152956  
0.153501  
0.153623  
0.153808  
0.153696  
0.153601  
0.153182  
0.152766  
0.152083  
0.151364  
0.150331  
0.149558  
0.148378  
0.147239  
0.145885  
0.144331  
0.142918  
0.141083  
0.139272  
0.137172  
0.135067  
0.132872  
0.130543  
0.128314  
0.125868  
0.123504  
0.120724  
0.118042  
0.115491  
0.112729  
0.109890  
0.107047  
0.104293  
0.101579  
0.098933  
0.096220  
0.093401  
0.090802  
0.088204  
0.085608  
0.082970  
0.080302  
0.077874  
0.075374  
0.072841  
0.070580  
0.068328  
0.066129  
0.064247  
0.061577  
0.058919  
0.056659  
0.054916  
0.053244  
0.051465  
0.049994  
0.048535  
0.047043  
0.045821  
0.044624  
0.043600  
0.042560  
0.041513  
0.040538  
0.039842  
0.038828  
0.038084  
0.037440  
0.036872  
0.036428  
0.035858  
0.035208  
0.034891  
0.034342  
0.034065  
0.033355  
0.033149  
0.032555  
0.032082  
0.031486  
0.031258  
0.030984  
0.030416  
0.029802  
0.029382  
0.028726  
0.028394  
0.027865  
0.027381  
0.026818  
0.026580  
0.026091  
0.025655  
0.025322  
0.024703  
0.024420  
0.024086  
0.023487  
0.023191  
0.022766  
0.022301  
0.022114  
0.021787  
0.021425  
0.021018  
0.020519  
0.020231  
0.020165  
0.019887  
0.019317  
0.019106  
0.018811  
0.018576  
0.018280  
0.018235  
0.017937  
0.017698  
0.017595  
0.017210  
0.016902  
0.016772  
0.016309  
0.016380  
0.016028  
0.015932  
0.015571  
0.015398  
0.015326  
0.015149  
0.015173  
0.014852  
0.014667  
0.014514  
0.014270  
0.014121  
0.014093  
0.013767  
0.013646  
0.013485  
0.013370  
0.013256  
0.013303  
0.012878  
0.013057  
0.012623  
0.012596  
0.012428  
0.012283  
0.012256  
0.012093  
0.012148  
0.011922  
0.011853  
0.011812  
0.011546  
0.011472  
0.011724  
0.011285  
0.011208  
0.011160  
0.010892  
0.010932  
0.010939  
0.010694  
0.010729  
0.010627  
0.010715  
0.010513  
0.010410  
0.010408  
0.010239  
0.010381  
0.010255  
0.010090  
0.010073  
0.010143  
0.010128  
0.009933  
0.009864  
