-0.112493 
-0.113677 
-0.115224 
-0.116588 
-0.118587 
-0.119488 
-0.120895 
-0.122585 
-0.124292 
-0.125264 
-0.126933 
-0.128409 
-0.129819 
-0.130933 
-0.132224 
-0.133883 
-0.135192 
-0.136669 
-0.137942 
-0.139280 
-0.140908 
-0.142310 
-0.143247 
-0.144325 
-0.145979 
-0.147388 
-0.148067 
-0.149466 
-0.150682 
-0.152174 
-0.153273 
-0.154967 
-0.155855 
-0.156952 
-0.157989 
-0.159449 
-0.160669 
-0.161850 
-0.162591 
-0.164129 
-0.165085 
-0.166309 
-0.167065 
-0.168401 
-0.169796 
-0.170737 
-0.171563 
-0.172602 
-0.173682 
-0.174762 
-0.175888 
-0.176747 
-0.177668 
-0.178545 
-0.179657 
-0.180686 
-0.181632 
-0.182845 
-0.183532 
-0.184741 
-0.185105 
-0.186354 
-0.187424 
-0.188577 
-0.189566 
-0.190453 
-0.191413 
-0.192464 
-0.193846 
-0.194693 
-0.196009 
-0.196442 
-0.197875 
-0.198827 
-0.199715 
-0.201094 
-0.202034 
-0.203022 
-0.204007 
-0.205331 
-0.206323 
-0.207070 
-0.208271 
-0.208989 
-0.209788 
-0.210656 
-0.211137 
-0.212202 
-0.212480 
-0.213459 
-0.214090 
-0.214613 
-0.215088 
-0.215606 
-0.216021 
-0.216218 
-0.216237 
-0.216255 
-0.216411 
-0.216651 
-0.216402 
-0.216140 
-0.216082 
-0.215934 
-0.215486 
-0.214668 
-0.214358 
-0.213647 
-0.213149 
-0.212316 
-0.211404 
-0.210336 
-0.209145 
-0.207826 
-0.206837 
-0.205572 
-0.204331 
-0.203032 
-0.201282 
-0.199457 
-0.197825 
-0.196187 
-0.194131 
-0.192471 
-0.190507 
-0.188175 
-0.186141 
-0.183831 
-0.181846 
-0.179162 
-0.176856 
-0.174130 
-0.171508 
-0.168590 
-0.166256 
-0.163586 
-0.160441 
-0.157293 
-0.154173 
-0.151485 
-0.147918 
-0.144819 
-0.141180 
-0.137906 
-0.134197 
-0.130682 
-0.127192 
-0.123294 
-0.119410 
-0.115434 
-0.111415 
-0.108047 
-0.104313 
-0.100433 
-0.096559 
-0.092825 
-0.088771 
-0.085031 
-0.081237 
-0.077074 
-0.073584 
-0.069493 
-0.065397 
-0.061946 
-0.057958 
-0.054442 
-0.050751 
-0.047108 
-0.043458 
-0.039947 
-0.035892 
-0.032696 
-0.029216 
-0.026412 
-0.023156 
-0.019809 
-0.016594 
-0.013300 
-0.010465 
-0.007384 
-0.004529 
-0.001801 
0.001324  
0.003855  
0.006171  
0.009091  
0.011579  
0.013942  
0.016287  
0.018454  
0.020316  
0.022520  
0.024467  
0.026268  
0.028318  
0.030033  
0.031453  
0.033196  
0.034572  
0.036125  
0.037472  
0.038637  
0.040020  
0.041272  
0.042746  
0.043563  
0.044827  
0.045790  
0.046776  
0.047729  
0.048391  
0.049234  
0.050422  
0.051362  
0.052331  
0.053174  
0.054190  
0.054900  
0.055813  
0.056706  
0.057414  
0.058481  
0.059314  
0.059948  
0.060596  
0.061639  
0.062168  
0.062767  
0.063471  
0.064006  
0.064623  
0.065007  
0.065109  
0.065724  
0.066104  
0.066373  
0.066433  
0.066246  
0.066515  
0.066354  
0.066383  
0.065991  
0.065795  
0.065392  
0.064903  
0.064421  
0.063800  
0.063386  
0.062499  
0.061834  
0.060850  
0.060145  
0.058930  
0.057932  
0.056912  
0.055798  
0.054723  
0.053584  
0.051996  
0.050761  
0.049646  
0.048043  
0.046730  
0.045184  
0.043937  
0.042622  
0.041400  
0.039985  
0.038477  
0.037182  
0.035796  
0.034638  
0.033435  
0.031822  
0.030817  
0.029434  
0.028426  
0.027205  
0.026087  
0.025064  
0.023895  
0.023091  
0.021438  
0.020713  
0.019890  
0.018879  
0.018045  
0.017202  
0.016430  
0.015427  
0.015015  
0.014114  
0.013641  
0.013006  
0.012229  
0.011484  
0.010805  
0.010437  
0.009834  
0.009382  
0.009001  
0.008244  
0.007775  
0.007523  
0.007341  
0.006652  
0.006431  
0.005513  
0.005417  
0.005253  
0.005174  
0.004872  
0.004601  
0.004460  
0.003955  
0.003851  
0.003672  
0.003338  
0.003008  
0.003079  
0.002825  
0.002567  
0.002560  
0.002467  
0.002099  
0.002053  
0.001919  
0.001923  
0.001714  
0.001528  
0.001289  
0.001293  
0.001331  
0.001066  
0.000889  
0.001090  
0.000984  
0.000882  
0.000682  
0.000657  
0.000853  
0.000816  
0.000346  
0.000328  
0.000428  
0.000266  
0.000287  
0.000326  
0.000129  
0.000095  
-0.000044 
-0.000061 
0.000198  
-0.000093 
-0.000106 
-0.000572 
-0.000135 
-0.000107 
-0.000198 
-0.000470 
-0.000344 
-0.000674 
-0.000576 
-0.000643 
-0.000716 
-0.000661 
-0.000767 
-0.000619 
-0.000836 
-0.000669 
-0.000817 
-0.000594 
-0.001078 
-0.001062 
-0.000756 
-0.000888 
-0.000891 
-0.000893 
-0.001030 
-0.000865 
-0.001165 
-0.001051 
-0.001115 
-0.001020 
-0.001146 
-0.001254 
-0.001339 
-0.001482 
-0.001264 
-0.001475 
-0.001309 
-0.001435 
-0.001294 
-0.001558 
-0.001344 
-0.001622 
-0.001715 
-0.001509 
-0.001629 
-0.001381 
-0.001674 
-0.001706 
-0.001581 
-0.001677 
-0.001764 
-0.001486 
-0.001868 
-0.001724 
-0.001735 
-0.001773 
-0.001895 
-0.001730 
