0.002897  
0.003810  
0.004414  
0.004517  
0.004260  
0.004896  
0.005373  
0.005187  
0.005327  
0.006013  
0.005883  
0.006051  
0.006832  
0.006627  
0.007156  
0.007594  
0.007445  
0.007842  
0.007708  
0.008029  
0.008262  
0.008342  
0.008929  
0.009378  
0.009585  
0.009526  
0.010227  
0.010400  
0.010271  
0.010472  
0.010833  
0.010998  
0.011536  
0.011438  
0.012015  
0.012017  
0.012288  
0.012735  
0.013159  
0.012976  
0.013544  
0.013509  
0.013938  
0.014024  
0.014132  
0.014530  
0.014861  
0.015026  
0.015533  
0.015591  
0.015436  
0.016279  
0.016338  
0.016879  
0.016624  
0.017207  
0.017351  
0.017550  
0.017765  
0.017871  
0.018390  
0.018612  
0.018709  
0.018858  
0.019139  
0.019475  
0.019936  
0.020026  
0.020212  
0.020572  
0.020846  
0.021366  
0.021395  
0.022009  
0.022231  
0.022460  
0.022461  
0.023108  
0.023298  
0.023407  
0.023587  
0.023785  
0.024249  
0.024582  
0.024689  
0.025017  
0.025515  
0.025498  
0.025786  
0.025637  
0.025700  
0.026048  
0.026093  
0.026244  
0.026349  
0.026378  
0.026639  
0.026486  
0.026157  
0.026071  
0.026435  
0.026364  
0.026036  
0.025899  
0.025954  
0.026235  
0.025654  
0.025600  
0.025150  
0.024946  
0.024499  
0.024453  
0.023989  
0.023882  
0.023287  
0.022853  
0.022350  
0.021863  
0.021537  
0.021145  
0.020372  
0.019876  
0.019464  
0.018358  
0.017917  
0.017259  
0.016357  
0.015676  
0.014870  
0.014188  
0.013519  
0.012716  
0.011475  
0.011057  
0.010032  
0.009030  
0.008410  
0.007542  
0.006564  
0.005203  
0.004359  
0.003091  
0.002191  
0.001112  
0.000177  
-0.000825 
-0.002391 
-0.003298 
-0.004736 
-0.005964 
-0.006912 
-0.008395 
-0.009593 
-0.010771 
-0.012201 
-0.013444 
-0.014462 
-0.015762 
-0.017381 
-0.018430 
-0.019928 
-0.020920 
-0.022047 
-0.023369 
-0.024698 
-0.026053 
-0.027689 
-0.028693 
-0.029907 
-0.031343 
-0.032281 
-0.034071 
-0.035010 
-0.036065 
-0.037084 
-0.038285 
-0.039531 
-0.041058 
-0.042224 
-0.043260 
-0.044251 
-0.045526 
-0.046194 
-0.047407 
-0.048595 
-0.049558 
-0.050806 
-0.051545 
-0.052496 
-0.053391 
-0.054181 
-0.054887 
-0.055757 
-0.056479 
-0.057043 
-0.057489 
-0.058342 
-0.058900 
-0.059617 
-0.060259 
-0.060680 
-0.061233 
-0.061799 
-0.062022 
-0.062643 
-0.063449 
-0.063873 
-0.064253 
-0.064902 
-0.065147 
-0.065574 
-0.066266 
-0.066515 
-0.067282 
-0.067698 
-0.068050 
-0.068376 
-0.069121 
-0.069667 
-0.069899 
-0.070762 
-0.070880 
-0.071210 
-0.071829 
-0.072296 
-0.072414 
-0.073082 
-0.073477 
-0.073609 
-0.073968 
-0.074267 
-0.074823 
-0.075000 
-0.075395 
-0.075052 
-0.075445 
-0.075373 
-0.075506 
-0.075132 
-0.075051 
-0.074681 
-0.074662 
-0.074559 
-0.074002 
-0.073503 
-0.072951 
-0.072452 
-0.071889 
-0.071108 
-0.070560 
-0.069771 
-0.068742 
-0.068087 
-0.067248 
-0.066185 
-0.065117 
-0.063904 
-0.062861 
-0.061915 
-0.060847 
-0.059405 
-0.058076 
-0.057063 
-0.055861 
-0.054604 
-0.053364 
-0.052006 
-0.051026 
-0.049702 
-0.048417 
-0.047278 
-0.045971 
-0.044780 
-0.043696 
-0.042232 
-0.041231 
-0.039819 
-0.038898 
-0.037686 
-0.036670 
-0.035613 
-0.034522 
-0.033258 
-0.032576 
-0.031746 
-0.030941 
-0.030024 
-0.029265 
-0.028313 
-0.027692 
-0.026353 
-0.025759 
-0.024868 
-0.024018 
-0.023575 
-0.022723 
-0.022190 
-0.021312 
-0.020785 
-0.020169 
-0.019416 
-0.018842 
-0.018398 
-0.017824 
-0.017042 
-0.016687 
-0.016288 
-0.015918 
-0.015393 
-0.014711 
-0.014483 
-0.014321 
-0.013840 
-0.013269 
-0.013126 
-0.013039 
-0.012316 
-0.012147 
-0.012003 
-0.011571 
-0.011581 
-0.011337 
-0.010975 
-0.010638 
-0.010418 
-0.010300 
-0.009879 
-0.010037 
-0.009664 
-0.009344 
-0.009475 
-0.009226 
-0.008882 
-0.009030 
-0.008901 
-0.008577 
-0.008482 
-0.008185 
-0.008168 
-0.008214 
-0.007673 
-0.007498 
-0.007756 
-0.007517 
-0.007259 
-0.007418 
-0.007220 
-0.006885 
-0.007078 
-0.007067 
-0.006858 
-0.006721 
-0.006509 
-0.006786 
-0.006637 
-0.006642 
-0.006318 
-0.006062 
-0.006005 
-0.005902 
-0.006116 
-0.006239 
-0.005990 
-0.006075 
-0.005853 
-0.005965 
-0.005627 
-0.005548 
-0.005594 
-0.005295 
-0.005314 
-0.005097 
-0.005383 
-0.005251 
-0.005075 
-0.005116 
-0.004869 
-0.004933 
-0.004844 
-0.004764 
-0.004977 
-0.004656 
-0.004791 
-0.004587 
-0.004712 
-0.004530 
-0.004610 
-0.004661 
-0.004239 
-0.004518 
-0.004634 
-0.004336 
-0.004268 
-0.004366 
-0.004141 
-0.004468 
-0.004334 
-0.004291 
-0.004201 
-0.004247 
-0.004120 
-0.004092 
-0.004111 
-0.004117 
-0.004023 
-0.003948 
-0.004002 
-0.003936 
-0.004150 
-0.003745 
-0.003907 
-0.003811 
