-0.048893 
-0.048725 
-0.049352 
-0.050020 
-0.050873 
-0.051142 
-0.051661 
-0.052281 
-0.052832 
-0.052713 
-0.053783 
-0.054619 
-0.054622 
-0.055033 
-0.055723 
-0.056142 
-0.056770 
-0.056957 
-0.057679 
-0.058163 
-0.058897 
-0.059146 
-0.059430 
-0.059832 
-0.060154 
-0.060804 
-0.060985 
-0.061448 
-0.061843 
-0.062433 
-0.062644 
-0.063328 
-0.063535 
-0.063992 
-0.064331 
-0.064643 
-0.065169 
-0.065390 
-0.065510 
-0.066221 
-0.066234 
-0.066745 
-0.066881 
-0.067531 
-0.067902 
-0.068294 
-0.068431 
-0.068783 
-0.068820 
-0.069403 
-0.069820 
-0.069905 
-0.069780 
-0.070089 
-0.070772 
-0.070920 
-0.071244 
-0.071500 
-0.071501 
-0.072335 
-0.072097 
-0.072486 
-0.072872 
-0.073104 
-0.073388 
-0.073418 
-0.073879 
-0.074153 
-0.074789 
-0.074768 
-0.074964 
-0.075388 
-0.075652 
-0.075657 
-0.076096 
-0.076392 
-0.076924 
-0.077128 
-0.077417 
-0.077857 
-0.078161 
-0.078402 
-0.078935 
-0.078748 
-0.079578 
-0.079456 
-0.079491 
-0.080032 
-0.080130 
-0.080459 
-0.080815 
-0.081075 
-0.081197 
-0.081312 
-0.081636 
-0.081758 
-0.081671 
-0.081854 
-0.082053 
-0.082268 
-0.082153 
-0.082015 
-0.082337 
-0.082382 
-0.082360 
-0.081869 
-0.082083 
-0.081873 
-0.081675 
-0.081882 
-0.081849 
-0.081348 
-0.081382 
-0.081113 
-0.080928 
-0.080633 
-0.080768 
-0.080343 
-0.080160 
-0.079570 
-0.079548 
-0.078981 
-0.078719 
-0.078807 
-0.078213 
-0.077745 
-0.077567 
-0.076900 
-0.076845 
-0.076107 
-0.075675 
-0.075405 
-0.074992 
-0.074259 
-0.073888 
-0.073380 
-0.072852 
-0.071908 
-0.071430 
-0.071072 
-0.070391 
-0.069675 
-0.068832 
-0.068401 
-0.067522 
-0.066567 
-0.066317 
-0.065207 
-0.064637 
-0.063669 
-0.062973 
-0.062480 
-0.061688 
-0.060833 
-0.059976 
-0.059444 
-0.058499 
-0.057759 
-0.057177 
-0.056202 
-0.055795 
-0.054969 
-0.054037 
-0.053466 
-0.052869 
-0.052022 
-0.051504 
-0.050724 
-0.050336 
-0.049790 
-0.048975 
-0.048661 
-0.048075 
-0.047601 
-0.047169 
-0.046740 
-0.046593 
-0.045922 
-0.045524 
-0.045040 
-0.044840 
-0.044859 
-0.044252 
-0.043958 
-0.043600 
-0.043258 
-0.043145 
-0.042695 
-0.042760 
-0.042216 
-0.042371 
-0.042019 
-0.041631 
-0.041645 
-0.041523 
-0.041304 
-0.041253 
-0.040998 
-0.041084 
-0.040642 
-0.040623 
-0.040532 
-0.040355 
-0.040064 
-0.040062 
-0.040167 
-0.040086 
-0.039918 
-0.039878 
-0.039930 
-0.039961 
-0.040102 
-0.040056 
-0.039978 
-0.040003 
-0.039926 
-0.040061 
-0.040210 
-0.040374 
-0.040203 
-0.040485 
-0.040535 
-0.040433 
-0.040266 
-0.040789 
-0.040498 
-0.040731 
-0.040854 
-0.040873 
-0.040925 
-0.041143 
-0.041155 
-0.041088 
-0.041359 
-0.040931 
-0.040937 
-0.041058 
-0.040900 
-0.040661 
-0.040801 
-0.040226 
-0.040196 
-0.040069 
-0.039731 
-0.039611 
-0.039182 
-0.039036 
-0.038321 
-0.038058 
-0.037756 
-0.037257 
-0.036788 
-0.036355 
-0.035731 
-0.035174 
-0.034847 
-0.033949 
-0.033378 
-0.032919 
-0.032368 
-0.031417 
-0.030900 
-0.030268 
-0.029556 
-0.028990 
-0.028315 
-0.027596 
-0.026838 
-0.026265 
-0.025560 
-0.024897 
-0.024453 
-0.023466 
-0.023086 
-0.022103 
-0.021839 
-0.020941 
-0.020446 
-0.019934 
-0.019158 
-0.018562 
-0.017982 
-0.017475 
-0.017032 
-0.016527 
-0.016058 
-0.015506 
-0.015223 
-0.014514 
-0.014345 
-0.013474 
-0.013042 
-0.012187 
-0.011780 
-0.011589 
-0.011114 
-0.010838 
-0.010377 
-0.010027 
-0.009424 
-0.009116 
-0.008869 
-0.008579 
-0.008321 
-0.007433 
-0.007295 
-0.007184 
-0.006967 
-0.006492 
-0.006354 
-0.006120 
-0.005959 
-0.005575 
-0.005236 
-0.005177 
-0.005229 
-0.004674 
-0.004720 
-0.004592 
-0.004313 
-0.004361 
-0.004382 
-0.003864 
-0.003764 
-0.003650 
-0.003628 
-0.003294 
-0.003390 
-0.003360 
-0.002764 
-0.003165 
-0.003020 
-0.002690 
-0.002962 
-0.002780 
-0.002352 
-0.002438 
-0.002251 
-0.002248 
-0.002286 
-0.002028 
-0.001847 
-0.002090 
-0.002149 
-0.001631 
-0.001951 
-0.001704 
-0.001489 
-0.001737 
-0.001675 
-0.001632 
-0.001420 
-0.001340 
-0.001521 
-0.001625 
-0.001629 
-0.001241 
-0.001170 
-0.001109 
-0.001068 
-0.001108 
-0.001173 
-0.001187 
-0.001098 
-0.001090 
-0.001099 
-0.000998 
-0.001023 
-0.000869 
-0.000762 
-0.000924 
-0.000679 
-0.000811 
-0.000696 
-0.000731 
-0.000868 
-0.000512 
-0.000605 
-0.000571 
-0.000554 
-0.000594 
-0.000614 
-0.000484 
-0.000275 
-0.000327 
-0.000554 
-0.000417 
-0.000526 
-0.000329 
-0.000399 
-0.000355 
-0.000270 
-0.000117 
-0.000292 
-0.000109 
-0.000411 
-0.000437 
-0.000233 
-0.000199 
-0.000180 
-0.000265 
-0.000243 
-0.000131 
-0.000110 
-0.000124 
0.000165  
-0.000283 
-0.000180 
-0.000074 
-0.000222 
-0.000123 
0.000019  
