-0.060681 
-0.061670 
-0.062588 
-0.063635 
-0.065122 
-0.065869 
-0.066880 
-0.068037 
-0.069357 
-0.069902 
-0.071243 
-0.072312 
-0.073520 
-0.074663 
-0.075887 
-0.076453 
-0.077867 
-0.078528 
-0.079800 
-0.080565 
-0.081815 
-0.082898 
-0.083431 
-0.084380 
-0.085489 
-0.086722 
-0.087366 
-0.088342 
-0.089153 
-0.090237 
-0.091182 
-0.092176 
-0.093174 
-0.093926 
-0.094914 
-0.095668 
-0.096799 
-0.097450 
-0.097990 
-0.099176 
-0.099881 
-0.100999 
-0.101403 
-0.102348 
-0.103381 
-0.103934 
-0.104528 
-0.105220 
-0.106015 
-0.106756 
-0.107722 
-0.108223 
-0.108741 
-0.109307 
-0.110404 
-0.110989 
-0.111770 
-0.112332 
-0.112860 
-0.113706 
-0.114266 
-0.115005 
-0.115453 
-0.116431 
-0.117037 
-0.117677 
-0.118633 
-0.119092 
-0.119929 
-0.120468 
-0.121368 
-0.121691 
-0.122733 
-0.123238 
-0.124268 
-0.124720 
-0.125635 
-0.126242 
-0.126862 
-0.127706 
-0.128429 
-0.129263 
-0.129798 
-0.130127 
-0.130716 
-0.131572 
-0.131852 
-0.132422 
-0.132885 
-0.133366 
-0.133901 
-0.134195 
-0.134719 
-0.135107 
-0.135433 
-0.135651 
-0.135835 
-0.135776 
-0.136301 
-0.136335 
-0.136268 
-0.136007 
-0.136270 
-0.136275 
-0.136135 
-0.135365 
-0.135384 
-0.135219 
-0.134748 
-0.134616 
-0.134089 
-0.133306 
-0.132963 
-0.132189 
-0.131449 
-0.131020 
-0.130184 
-0.129404 
-0.128311 
-0.127389 
-0.126538 
-0.125479 
-0.124436 
-0.123455 
-0.122271 
-0.121078 
-0.119952 
-0.118717 
-0.117311 
-0.115843 
-0.114545 
-0.112943 
-0.111645 
-0.109750 
-0.108357 
-0.106925 
-0.105125 
-0.103248 
-0.101460 
-0.099731 
-0.097606 
-0.096199 
-0.093823 
-0.091950 
-0.089758 
-0.087429 
-0.085600 
-0.083144 
-0.081060 
-0.078845 
-0.076453 
-0.074443 
-0.072292 
-0.069671 
-0.067507 
-0.065412 
-0.063010 
-0.060892 
-0.058753 
-0.056314 
-0.054283 
-0.052073 
-0.049781 
-0.047615 
-0.045351 
-0.043319 
-0.041549 
-0.039142 
-0.037287 
-0.035342 
-0.033080 
-0.031653 
-0.029838 
-0.027909 
-0.026288 
-0.024432 
-0.022882 
-0.021191 
-0.019540 
-0.017854 
-0.016698 
-0.015453 
-0.013741 
-0.012441 
-0.011121 
-0.009687 
-0.008403 
-0.007214 
-0.006103 
-0.005000 
-0.004093 
-0.003224 
-0.002094 
-0.001388 
-0.000294 
0.000600  
0.001219  
0.002098  
0.002724  
0.003334  
0.004029  
0.004576  
0.005385  
0.006022  
0.006523  
0.006903  
0.007440  
0.007917  
0.008281  
0.008618  
0.009132  
0.009424  
0.009969  
0.010160  
0.010413  
0.010847  
0.011353  
0.011361  
0.011809  
0.012293  
0.012311  
0.012908  
0.013188  
0.013393  
0.013372  
0.014013  
0.013838  
0.014073  
0.014318  
0.014481  
0.014805  
0.014710  
0.014833  
0.014912  
0.015313  
0.015303  
0.015384  
0.015372  
0.015565  
0.015477  
0.015819  
0.015801  
0.015754  
0.015967  
0.016066  
0.015999  
0.016086  
0.016102  
0.016052  
0.015879  
0.016009  
0.016071  
0.016033  
0.015786  
0.015892  
0.015923  
0.016099  
0.015916  
0.015672  
0.015558  
0.015732  
0.015616  
0.015496  
0.015483  
0.015419  
0.015374  
0.015440  
0.015226  
0.015428  
0.015295  
0.015261  
0.015240  
0.015080  
0.014987  
0.015433  
0.015315  
0.015387  
0.015121  
0.015304  
0.015040  
0.015095  
0.015306  
0.015049  
0.015262  
0.015113  
0.014961  
0.015217  
0.015080  
0.015295  
0.015024  
0.015340  
0.015415  
0.015600  
0.015762  
0.015263  
0.015576  
0.015599  
0.015623  
0.015732  
0.015890  
0.015801  
0.015792  
0.015811  
0.016015  
0.016268  
0.015957  
0.015934  
0.015979  
0.016396  
0.016453  
0.016393  
0.016312  
0.016617  
0.016660  
0.016694  
0.016750  
0.016780  
0.016547  
0.016746  
0.016947  
0.016724  
0.016826  
0.016905  
0.017143  
0.017011  
0.016946  
0.017180  
0.017005  
0.017151  
0.017090  
0.017010  
0.017030  
0.017256  
0.017039  
0.017290  
0.017208  
0.017310  
0.017484  
0.017519  
0.017048  
0.017459  
0.017468  
0.017198  
0.017385  
0.017483  
0.017214  
0.017518  
0.017601  
0.017527  
0.017378  
0.017234  
0.017410  
0.017707  
0.017446  
0.017574  
0.017201  
0.017535  
0.017632  
0.017581  
0.017692  
0.017469  
0.017423  
0.017431  
0.017409  
0.017349  
0.017358  
0.017409  
0.017504  
0.017537  
0.017766  
0.017463  
0.017809  
0.017556  
0.017474  
0.017456  
0.017586  
0.017720  
0.017613  
0.017657  
0.017677  
0.017272  
0.017710  
0.017559  
0.017672  
0.017704  
0.017445  
0.017552  
0.017328  
0.017428  
0.017641  
0.017442  
0.017496  
0.017731  
0.017377  
0.017511  
0.017302  
0.017356  
0.017338  
0.017459  
0.017514  
0.017608  
0.017326  
0.017387  
0.017367  
0.017465  
0.017502  
0.017381  
0.017257  
0.017423  
0.017496  
0.017418  
0.017542  
