-0.060349 
-0.061535 
-0.062286 
-0.063456 
-0.064970 
-0.065646 
-0.066570 
-0.068403 
-0.069274 
-0.069795 
-0.071121 
-0.072436 
-0.073216 
-0.074102 
-0.075665 
-0.076321 
-0.077550 
-0.078385 
-0.079831 
-0.080506 
-0.082043 
-0.082912 
-0.083343 
-0.084511 
-0.085247 
-0.086698 
-0.087267 
-0.088297 
-0.089244 
-0.090334 
-0.090950 
-0.092449 
-0.093035 
-0.093813 
-0.094491 
-0.095747 
-0.096583 
-0.097143 
-0.097973 
-0.099137 
-0.099654 
-0.100395 
-0.101317 
-0.102117 
-0.103134 
-0.103939 
-0.104480 
-0.105267 
-0.105756 
-0.106648 
-0.107649 
-0.107924 
-0.108613 
-0.109126 
-0.110389 
-0.110855 
-0.111657 
-0.112138 
-0.112768 
-0.113744 
-0.114066 
-0.114841 
-0.115545 
-0.116425 
-0.116773 
-0.117557 
-0.118195 
-0.118790 
-0.119849 
-0.120524 
-0.121299 
-0.121657 
-0.122651 
-0.123166 
-0.123692 
-0.124681 
-0.125591 
-0.125948 
-0.126561 
-0.127662 
-0.128440 
-0.128783 
-0.129580 
-0.130022 
-0.130799 
-0.131293 
-0.131699 
-0.132089 
-0.132478 
-0.133280 
-0.133835 
-0.134279 
-0.134748 
-0.134739 
-0.135045 
-0.135554 
-0.135518 
-0.135677 
-0.136079 
-0.136219 
-0.136022 
-0.135889 
-0.136294 
-0.136143 
-0.135808 
-0.135241 
-0.135306 
-0.135112 
-0.134425 
-0.134372 
-0.133696 
-0.133034 
-0.132566 
-0.132087 
-0.131310 
-0.130617 
-0.129988 
-0.129161 
-0.128199 
-0.127147 
-0.126384 
-0.125261 
-0.124216 
-0.123393 
-0.122081 
-0.121120 
-0.119807 
-0.118335 
-0.117370 
-0.115871 
-0.114324 
-0.112842 
-0.111339 
-0.109563 
-0.108209 
-0.106909 
-0.105148 
-0.103099 
-0.101120 
-0.099636 
-0.097569 
-0.095850 
-0.093717 
-0.091796 
-0.089573 
-0.087417 
-0.085817 
-0.083286 
-0.081104 
-0.078717 
-0.076363 
-0.074358 
-0.072111 
-0.069688 
-0.067547 
-0.065383 
-0.062754 
-0.060791 
-0.058846 
-0.056325 
-0.054416 
-0.051896 
-0.049781 
-0.047732 
-0.045420 
-0.043368 
-0.041388 
-0.039280 
-0.037458 
-0.035387 
-0.033359 
-0.031437 
-0.029692 
-0.027925 
-0.026275 
-0.024406 
-0.023010 
-0.021169 
-0.019822 
-0.018066 
-0.016690 
-0.015514 
-0.013882 
-0.012549 
-0.011341 
-0.009796 
-0.008518 
-0.007220 
-0.006339 
-0.005088 
-0.004147 
-0.003146 
-0.002117 
-0.001431 
-0.000329 
0.000597  
0.001048  
0.002144  
0.002848  
0.003193  
0.003983  
0.004524  
0.005271  
0.005942  
0.006519  
0.006727  
0.007066  
0.008172  
0.008247  
0.008667  
0.009211  
0.009269  
0.009746  
0.010129  
0.010354  
0.010878  
0.011231  
0.011286  
0.011655  
0.012135  
0.012149  
0.012558  
0.013010  
0.013323  
0.013173  
0.013560  
0.013642  
0.013906  
0.014228  
0.014271  
0.014437  
0.014603  
0.014859  
0.014673  
0.015219  
0.015200  
0.015194  
0.015323  
0.015389  
0.015413  
0.015721  
0.015775  
0.015491  
0.015807  
0.015707  
0.016045  
0.015943  
0.016162  
0.016007  
0.015943  
0.015858  
0.016136  
0.015637  
0.015891  
0.015748  
0.015669  
0.016073  
0.015728  
0.015710  
0.015506  
0.015689  
0.015493  
0.015530  
0.015410  
0.015402  
0.015199  
0.015271  
0.015319  
0.015157  
0.015225  
0.015194  
0.015048  
0.015163  
0.014888  
0.015073  
0.015065  
0.015254  
0.014875  
0.015071  
0.014903  
0.015143  
0.015347  
0.014990  
0.015032  
0.015164  
0.014975  
0.014843  
0.014979  
0.015096  
0.015063  
0.015186  
0.015494  
0.015518  
0.015586  
0.015308  
0.015620  
0.015288  
0.015727  
0.015635  
0.015591  
0.015803  
0.015712  
0.015728  
0.015874  
0.016210  
0.016237  
0.016178  
0.016067  
0.016308  
0.016358  
0.016390  
0.016473  
0.016529  
0.016712  
0.016460  
0.016527  
0.016708  
0.016589  
0.016601  
0.016662  
0.016810  
0.016692  
0.016885  
0.017108  
0.016799  
0.016993  
0.017068  
0.017199  
0.016822  
0.017121  
0.016895  
0.016987  
0.017287  
0.017031  
0.016940  
0.017300  
0.017335  
0.017212  
0.017309  
0.017156  
0.017543  
0.017443  
0.017175  
0.017202  
0.017466  
0.017323  
0.017423  
0.017501  
0.017290  
0.017518  
0.017327  
0.017492  
0.017685  
0.017508  
0.017432  
0.017178  
0.017451  
0.017618  
0.017633  
0.017535  
0.017529  
0.017405  
0.017409  
0.017411  
0.017353  
0.017298  
0.017502  
0.017538  
0.017479  
0.017557  
0.017466  
0.017596  
0.017427  
0.017516  
0.017733  
0.017490  
0.017685  
0.017786  
0.017489  
0.017587  
0.017376  
0.017717  
0.017656  
0.017651  
0.017469  
0.017496  
0.017613  
0.017282  
0.017627  
0.017621  
0.017553  
0.017409  
0.017538  
0.017310  
0.017715  
0.017175  
0.017163  
0.017465  
0.017536  
0.017544  
0.017414  
0.017281  
0.017538  
0.017342  
0.017430  
0.017457  
0.017371  
0.017398  
0.017175  
0.017201  
0.017409  
0.017435  
