-0.041617 
-0.042625 
-0.043684 
-0.045088 
-0.046645 
-0.047690 
-0.048815 
-0.050372 
-0.051419 
-0.052409 
-0.054056 
-0.055224 
-0.055889 
-0.057501 
-0.058149 
-0.059496 
-0.060721 
-0.061763 
-0.063215 
-0.064102 
-0.065476 
-0.066609 
-0.067320 
-0.068235 
-0.069491 
-0.070427 
-0.071229 
-0.072435 
-0.073463 
-0.074763 
-0.075783 
-0.076851 
-0.077865 
-0.078678 
-0.079551 
-0.080510 
-0.081680 
-0.082362 
-0.083040 
-0.084573 
-0.085033 
-0.086071 
-0.086885 
-0.087731 
-0.088633 
-0.089480 
-0.090169 
-0.090963 
-0.091415 
-0.092763 
-0.093743 
-0.094564 
-0.094929 
-0.095849 
-0.096945 
-0.097416 
-0.098279 
-0.099180 
-0.099748 
-0.100651 
-0.101181 
-0.101994 
-0.102899 
-0.103889 
-0.104477 
-0.105175 
-0.105911 
-0.106754 
-0.107857 
-0.108541 
-0.109152 
-0.109978 
-0.110888 
-0.111534 
-0.112754 
-0.113469 
-0.114302 
-0.114764 
-0.115678 
-0.116751 
-0.117392 
-0.118418 
-0.119384 
-0.119745 
-0.120701 
-0.121126 
-0.121695 
-0.122341 
-0.122840 
-0.123448 
-0.124063 
-0.124374 
-0.124897 
-0.125119 
-0.125526 
-0.125987 
-0.125799 
-0.126409 
-0.126471 
-0.126383 
-0.126353 
-0.126259 
-0.125925 
-0.126066 
-0.125413 
-0.124767 
-0.124700 
-0.124539 
-0.123513 
-0.123412 
-0.122685 
-0.121499 
-0.121110 
-0.120188 
-0.119355 
-0.118425 
-0.117191 
-0.116081 
-0.115053 
-0.113798 
-0.112709 
-0.111523 
-0.109974 
-0.108680 
-0.107119 
-0.105613 
-0.103898 
-0.102129 
-0.100625 
-0.098813 
-0.097102 
-0.094913 
-0.093104 
-0.090839 
-0.089134 
-0.087049 
-0.084893 
-0.082689 
-0.080298 
-0.077830 
-0.075153 
-0.073209 
-0.070503 
-0.068189 
-0.065437 
-0.062312 
-0.060217 
-0.057226 
-0.054599 
-0.051396 
-0.048476 
-0.046014 
-0.043034 
-0.040161 
-0.037323 
-0.034598 
-0.031484 
-0.028758 
-0.026083 
-0.023036 
-0.020399 
-0.017547 
-0.014393 
-0.011881 
-0.009132 
-0.006314 
-0.003860 
-0.000962 
0.001443  
0.004142  
0.006911  
0.009203  
0.011706  
0.013888  
0.016095  
0.018484  
0.020504  
0.022623  
0.024653  
0.026759  
0.028787  
0.030570  
0.032941  
0.034607  
0.036221  
0.038311  
0.040037  
0.041571  
0.043126  
0.044849  
0.045744  
0.047301  
0.048677  
0.049856  
0.051304  
0.052504  
0.053389  
0.054704  
0.055726  
0.056694  
0.057534  
0.058279  
0.059196  
0.060011  
0.060941  
0.061559  
0.062293  
0.062923  
0.063588  
0.064124  
0.064736  
0.065179  
0.065982  
0.066339  
0.066771  
0.067597  
0.068348  
0.068638  
0.069216  
0.069828  
0.069986  
0.070701  
0.071323  
0.071711  
0.071852  
0.072589  
0.072701  
0.073162  
0.073578  
0.073902  
0.074022  
0.074304  
0.074533  
0.074510  
0.075019  
0.075159  
0.075065  
0.075011  
0.075220  
0.075078  
0.075404  
0.075097  
0.074767  
0.074696  
0.074679  
0.074426  
0.073968  
0.073784  
0.073349  
0.072954  
0.072789  
0.072330  
0.071730  
0.071252  
0.070765  
0.070428  
0.070028  
0.069154  
0.068628  
0.067585  
0.067247  
0.066621  
0.065904  
0.065138  
0.064510  
0.063813  
0.063126  
0.062654  
0.061781  
0.061319  
0.060629  
0.059675  
0.059458  
0.058406  
0.058269  
0.057538  
0.057062  
0.056215  
0.055852  
0.055330  
0.054692  
0.054327  
0.053437  
0.052922  
0.052482  
0.052024  
0.051635  
0.051072  
0.050764  
0.050112  
0.050261  
0.049783  
0.049593  
0.049346  
0.048645  
0.048318  
0.048101  
0.047996  
0.047710  
0.047475  
0.047405  
0.047058  
0.046871  
0.046745  
0.046908  
0.046524  
0.046305  
0.045999  
0.046059  
0.046126  
0.045912  
0.045792  
0.045839  
0.045814  
0.045641  
0.045544  
0.045646  
0.045219  
0.045096  
0.045123  
0.044973  
0.044802  
0.045052  
0.045183  
0.044982  
0.044625  
0.044881  
0.044649  
0.044661  
0.044420  
0.044368  
0.044577  
0.044705  
0.044397  
0.044251  
0.044494  
0.044521  
0.044428  
0.044208  
0.044141  
0.044298  
0.044264  
0.043954  
0.044109  
0.044228  
0.043796  
0.044164  
0.044302  
0.044078  
0.043913  
0.043957  
0.044014  
0.044339  
0.043537  
0.043758  
0.043552  
0.043798  
0.043904  
0.043869  
0.044032  
0.043977  
0.043865  
0.043920  
0.043888  
0.043918  
0.043696  
0.043703  
0.043856  
0.043656  
0.043829  
0.043793  
0.044085  
0.043640  
0.043843  
0.043893  
0.043676  
0.043752  
0.043608  
0.043407  
0.043477  
0.043271  
0.043233  
0.043260  
0.043429  
0.043512  
0.043394  
0.043146  
0.042954  
0.043213  
0.043004  
0.042879  
0.042948  
0.043043  
0.042625  
0.042923  
0.042603  
0.042797  
0.042649  
0.042765  
0.042755  
0.042718  
0.042585  
0.042713  
0.042520  
0.042539  
0.042674  
0.042585  
0.042630  
0.042610  
0.042712  
0.042442  
0.042693  
