-0.042004 
-0.042796 
-0.044151 
-0.045681 
-0.047128 
-0.047816 
-0.048989 
-0.050260 
-0.051702 
-0.052572 
-0.053984 
-0.055223 
-0.056491 
-0.057320 
-0.057458 
-0.059399 
-0.061093 
-0.062033 
-0.063321 
-0.064181 
-0.065399 
-0.066536 
-0.067490 
-0.068276 
-0.069633 
-0.070586 
-0.071312 
-0.072535 
-0.073744 
-0.074804 
-0.075797 
-0.077153 
-0.077680 
-0.078703 
-0.079764 
-0.080807 
-0.081845 
-0.082375 
-0.083164 
-0.084597 
-0.085263 
-0.086497 
-0.086991 
-0.087876 
-0.089109 
-0.089537 
-0.090241 
-0.091112 
-0.091912 
-0.092787 
-0.093933 
-0.094650 
-0.095158 
-0.095882 
-0.096892 
-0.097599 
-0.098568 
-0.099056 
-0.099854 
-0.100735 
-0.101353 
-0.102092 
-0.103090 
-0.103998 
-0.104777 
-0.105184 
-0.106173 
-0.107085 
-0.107936 
-0.108735 
-0.109353 
-0.109965 
-0.111155 
-0.111697 
-0.112658 
-0.113685 
-0.114424 
-0.115051 
-0.115798 
-0.116802 
-0.117604 
-0.118358 
-0.119154 
-0.119756 
-0.120796 
-0.121251 
-0.121958 
-0.122539 
-0.122916 
-0.123537 
-0.124256 
-0.124551 
-0.124785 
-0.125211 
-0.125599 
-0.126104 
-0.126045 
-0.126013 
-0.126567 
-0.126600 
-0.126453 
-0.126200 
-0.126096 
-0.126238 
-0.125517 
-0.125073 
-0.124825 
-0.124455 
-0.123892 
-0.123511 
-0.123024 
-0.121982 
-0.121209 
-0.120022 
-0.119347 
-0.118397 
-0.117500 
-0.116286 
-0.115240 
-0.113987 
-0.112824 
-0.111182 
-0.109981 
-0.108758 
-0.107340 
-0.105575 
-0.104194 
-0.102426 
-0.100602 
-0.098843 
-0.097168 
-0.095050 
-0.093235 
-0.090962 
-0.089212 
-0.087246 
-0.085006 
-0.082708 
-0.080159 
-0.078051 
-0.075607 
-0.073334 
-0.070483 
-0.068031 
-0.065407 
-0.062725 
-0.060286 
-0.057328 
-0.054497 
-0.051580 
-0.048949 
-0.046044 
-0.043210 
-0.040139 
-0.037566 
-0.034776 
-0.031598 
-0.029012 
-0.026340 
-0.023298 
-0.020649 
-0.017581 
-0.014560 
-0.012083 
-0.009381 
-0.006548 
-0.004093 
-0.001279 
0.001352  
0.003857  
0.006732  
0.008960  
0.011568  
0.013654  
0.015753  
0.018421  
0.020272  
0.022406  
0.024435  
0.026685  
0.028518  
0.030244  
0.032663  
0.034729  
0.036265  
0.038046  
0.039861  
0.041524  
0.043019  
0.044400  
0.045932  
0.047258  
0.048690  
0.049748  
0.051186  
0.052457  
0.053362  
0.054379  
0.055484  
0.056344  
0.057310  
0.058026  
0.059042  
0.059967  
0.060780  
0.061372  
0.062097  
0.063187  
0.063524  
0.064051  
0.064627  
0.064922  
0.065588  
0.066225  
0.066858  
0.067435  
0.067936  
0.068454  
0.068822  
0.069515  
0.069738  
0.070361  
0.070979  
0.071287  
0.071674  
0.072278  
0.072487  
0.072977  
0.073340  
0.073701  
0.073886  
0.074223  
0.074386  
0.074298  
0.074793  
0.074995  
0.074977  
0.074929  
0.074893  
0.074990  
0.075198  
0.074825  
0.074645  
0.074611  
0.074392  
0.074242  
0.073944  
0.073737  
0.073259  
0.072803  
0.072461  
0.072077  
0.071550  
0.071067  
0.070719  
0.070124  
0.069731  
0.069022  
0.068229  
0.067574  
0.067059  
0.066419  
0.065830  
0.064999  
0.064467  
0.063656  
0.062977  
0.062505  
0.061832  
0.061280  
0.060444  
0.059729  
0.059401  
0.058562  
0.058061  
0.057482  
0.057129  
0.056190  
0.055781  
0.055170  
0.054324  
0.054316  
0.053426  
0.052986  
0.052443  
0.051979  
0.051386  
0.050864  
0.050655  
0.049956  
0.050046  
0.049588  
0.049510  
0.049151  
0.048598  
0.048364  
0.048009  
0.047791  
0.047483  
0.047478  
0.047186  
0.047013  
0.046795  
0.046585  
0.046756  
0.046383  
0.046231  
0.046016  
0.045915  
0.046208  
0.045827  
0.045764  
0.045621  
0.045632  
0.045411  
0.045169  
0.045322  
0.045030  
0.044939  
0.045066  
0.044808  
0.044601  
0.044853  
0.045053  
0.044851  
0.044739  
0.044695  
0.044458  
0.044610  
0.044691  
0.044300  
0.044329  
0.044500  
0.044066  
0.044103  
0.044472  
0.044146  
0.044220  
0.044107  
0.043816  
0.044474  
0.044166  
0.044237  
0.043972  
0.044127  
0.043933  
0.044009  
0.044273  
0.044064  
0.043643  
0.043850  
0.043812  
0.044061  
0.043734  
0.043832  
0.043458  
0.043698  
0.043728  
0.043761  
0.044035  
0.043634  
0.043844  
0.043794  
0.043685  
0.043585  
0.043733  
0.043613  
0.043645  
0.043620  
0.043828  
0.043596  
0.043916  
0.043446  
0.043759  
0.043692  
0.043575  
0.043493  
0.043450  
0.043330  
0.043340  
0.043041  
0.043041  
0.043326  
0.043302  
0.043148  
0.043211  
0.043024  
0.042903  
0.042878  
0.042929  
0.042787  
0.042680  
0.042720  
0.042624  
0.042803  
0.042565  
0.042652  
0.042657  
0.042724  
0.042825  
0.042589  
0.042412  
0.042572  
0.042412  
0.042581  
0.042457  
0.042335  
0.042462  
0.042449  
0.042433  
0.042316  
0.042629  
