-0.041860 
-0.043267 
-0.044052 
-0.045397 
-0.047041 
-0.047749 
-0.048713 
-0.049939 
-0.051627 
-0.052526 
-0.053460 
-0.055307 
-0.056164 
-0.057500 
-0.058646 
-0.059789 
-0.060984 
-0.061475 
-0.063307 
-0.064278 
-0.065581 
-0.066341 
-0.067422 
-0.068486 
-0.069614 
-0.070684 
-0.071774 
-0.072773 
-0.073672 
-0.075123 
-0.075729 
-0.076792 
-0.077659 
-0.078699 
-0.079641 
-0.080612 
-0.081790 
-0.082425 
-0.083126 
-0.084601 
-0.085372 
-0.086109 
-0.086879 
-0.087741 
-0.088845 
-0.089585 
-0.090240 
-0.091557 
-0.091858 
-0.092961 
-0.094056 
-0.094359 
-0.095036 
-0.095693 
-0.097041 
-0.097612 
-0.098523 
-0.099181 
-0.099917 
-0.100905 
-0.101333 
-0.101966 
-0.102890 
-0.103992 
-0.104587 
-0.105395 
-0.106210 
-0.106931 
-0.107953 
-0.108741 
-0.109636 
-0.110255 
-0.111245 
-0.111961 
-0.112627 
-0.113428 
-0.114380 
-0.115215 
-0.115879 
-0.116768 
-0.117677 
-0.118559 
-0.119378 
-0.119691 
-0.120806 
-0.121255 
-0.121922 
-0.122513 
-0.122888 
-0.123576 
-0.124361 
-0.124553 
-0.125077 
-0.125151 
-0.125661 
-0.126088 
-0.126070 
-0.126011 
-0.126284 
-0.126367 
-0.126223 
-0.126363 
-0.126192 
-0.126224 
-0.125568 
-0.125070 
-0.124852 
-0.124570 
-0.123845 
-0.123412 
-0.122915 
-0.121814 
-0.121127 
-0.120489 
-0.119447 
-0.118541 
-0.117431 
-0.116381 
-0.115153 
-0.113853 
-0.112744 
-0.111219 
-0.109744 
-0.108825 
-0.107004 
-0.105492 
-0.104061 
-0.102343 
-0.100823 
-0.098808 
-0.097094 
-0.095114 
-0.093283 
-0.091024 
-0.089136 
-0.087212 
-0.084924 
-0.082711 
-0.080373 
-0.078042 
-0.075469 
-0.073304 
-0.070472 
-0.068163 
-0.065455 
-0.062686 
-0.060372 
-0.057429 
-0.054696 
-0.051591 
-0.048763 
-0.046194 
-0.043294 
-0.040323 
-0.037497 
-0.034765 
-0.031770 
-0.028879 
-0.026438 
-0.023245 
-0.020640 
-0.017670 
-0.014669 
-0.012112 
-0.009437 
-0.006591 
-0.003938 
-0.001169 
0.001341  
0.003744  
0.006742  
0.008794  
0.011411  
0.013388  
0.015837  
0.018173  
0.020409  
0.022466  
0.024472  
0.026704  
0.028642  
0.030345  
0.032621  
0.034346  
0.036030  
0.037981  
0.039745  
0.041493  
0.042968  
0.044563  
0.045733  
0.047244  
0.048616  
0.049800  
0.051195  
0.052405  
0.053210  
0.054368  
0.055516  
0.056423  
0.057229  
0.057949  
0.059083  
0.059894  
0.060685  
0.061227  
0.062053  
0.062979  
0.063177  
0.064009  
0.064702  
0.064891  
0.065724  
0.066212  
0.066682  
0.067334  
0.067956  
0.068330  
0.068879  
0.069458  
0.069682  
0.070463  
0.071144  
0.071605  
0.071476  
0.072271  
0.072450  
0.072887  
0.073356  
0.073456  
0.073738  
0.074244  
0.074222  
0.074310  
0.074900  
0.074968  
0.074877  
0.074967  
0.074960  
0.075131  
0.074942  
0.075102  
0.074583  
0.074724  
0.074444  
0.074307  
0.073885  
0.073857  
0.073096  
0.072811  
0.072451  
0.072287  
0.071376  
0.071114  
0.070592  
0.070009  
0.069785  
0.068864  
0.068391  
0.067586  
0.067075  
0.066426  
0.065912  
0.065117  
0.064486  
0.063716  
0.062955  
0.062343  
0.061846  
0.061281  
0.060392  
0.059754  
0.059208  
0.058159  
0.058095  
0.057208  
0.056845  
0.056229  
0.055816  
0.055105  
0.054372  
0.054226  
0.053310  
0.052833  
0.052456  
0.051925  
0.051595  
0.050998  
0.050636  
0.050063  
0.049946  
0.049640  
0.049404  
0.048997  
0.048528  
0.048279  
0.047966  
0.047906  
0.047336  
0.047543  
0.047143  
0.047145  
0.046703  
0.046533  
0.046723  
0.046406  
0.046103  
0.045957  
0.045887  
0.045880  
0.045913  
0.045754  
0.045684  
0.045526  
0.045246  
0.045170  
0.045458  
0.045078  
0.044775  
0.044997  
0.044704  
0.044639  
0.044970  
0.045019  
0.044764  
0.044647  
0.044697  
0.044461  
0.044620  
0.044668  
0.044397  
0.044372  
0.044465  
0.044187  
0.044406  
0.044387  
0.044370  
0.044347  
0.044074  
0.044058  
0.044240  
0.044183  
0.043804  
0.043916  
0.044069  
0.044011  
0.044131  
0.044313  
0.043983  
0.043889  
0.043766  
0.044028  
0.044195  
0.043719  
0.043899  
0.043667  
0.043673  
0.043791  
0.044004  
0.043864  
0.043698  
0.043661  
0.043763  
0.043669  
0.043559  
0.043637  
0.043617  
0.043639  
0.043685  
0.043814  
0.043494  
0.043958  
0.043292  
0.043593  
0.043648  
0.043589  
0.043705  
0.043624  
0.043444  
0.043278  
0.043085  
0.043147  
0.043165  
0.043253  
0.043139  
0.043009  
0.043002  
0.042888  
0.042936  
0.042940  
0.042864  
0.042666  
0.042757  
0.042596  
0.042706  
0.042458  
0.042507  
0.042440  
0.042781  
0.042636  
0.042548  
0.042698  
0.042515  
0.042443  
0.042406  
0.042576  
0.042491  
0.042297  
0.042366  
0.042490  
0.042071  
0.042543  
