0.001948  
0.001572  
0.001599  
0.001676  
0.001928  
0.001820  
0.001733  
0.001980  
0.002081  
0.001883  
0.002217  
0.002484  
0.002327  
0.002511  
0.002687  
0.002730  
0.003058  
0.002874  
0.003299  
0.003236  
0.003684  
0.003756  
0.003681  
0.003858  
0.003892  
0.004122  
0.004024  
0.004192  
0.004297  
0.004544  
0.004548  
0.004782  
0.004844  
0.004803  
0.004728  
0.004936  
0.005111  
0.004972  
0.004756  
0.005337  
0.005224  
0.005351  
0.005189  
0.005357  
0.005526  
0.005445  
0.005443  
0.005408  
0.005348  
0.005482  
0.005649  
0.005474  
0.005340  
0.005211  
0.005484  
0.005392  
0.005358  
0.005255  
0.005242  
0.005483  
0.005230  
0.005265  
0.005319  
0.005479  
0.005307  
0.005109  
0.005101  
0.005024  
0.005237  
0.005075  
0.005108  
0.004735  
0.004925  
0.004709  
0.004678  
0.004695  
0.004765  
0.004685  
0.004537  
0.004620  
0.004180  
0.003870  
0.003833  
0.003288  
0.003352  
0.003195  
0.002820  
0.002812  
0.002548  
0.002532  
0.002527  
0.002395  
0.002328  
0.002245  
0.002303  
0.002281  
0.002091  
0.002121  
0.002295  
0.002241  
0.002187  
0.002148  
0.002331  
0.002464  
0.002408  
0.002223  
0.002540  
0.002635  
0.002573  
0.002831  
0.003011  
0.002953  
0.003131  
0.003166  
0.003311  
0.003540  
0.003651  
0.003774  
0.003799  
0.003782  
0.004068  
0.004132  
0.004175  
0.004532  
0.004580  
0.004598  
0.004850  
0.004838  
0.004996  
0.004963  
0.005107  
0.005099  
0.005237  
0.005056  
0.005364  
0.005283  
0.005198  
0.005120  
0.005051  
0.005304  
0.005083  
0.005297  
0.005081  
0.005260  
0.005034  
0.004829  
0.005107  
0.004847  
0.005021  
0.004859  
0.004657  
0.004892  
0.004742  
0.004648  
0.004698  
0.004685  
0.004473  
0.004551  
0.004556  
0.004284  
0.004561  
0.004255  
0.004090  
0.004212  
0.004001  
0.003981  
0.004083  
0.003829  
0.003868  
0.003842  
0.003425  
0.003719  
0.003615  
0.003381  
0.003228  
0.003112  
0.003711  
0.003706  
0.003715  
0.003556  
0.003577  
0.003668  
0.003267  
0.003314  
0.003331  
0.003147  
0.003205  
0.003018  
0.003004  
0.002947  
0.002985  
0.002795  
0.002743  
0.002755  
0.002502  
0.002410  
0.002416  
0.002243  
0.002320  
0.002299  
0.002117  
0.002248  
0.002064  
0.001795  
0.001815  
0.001944  
0.001751  
0.001702  
0.001645  
0.001555  
0.001593  
0.001704  
0.001468  
0.001504  
0.001491  
0.001332  
0.001270  
0.001318  
0.001257  
0.001053  
0.001240  
0.000954  
0.000800  
0.000725  
0.000913  
0.000603  
0.000677  
0.000578  
0.000549  
0.000404  
0.000401  
0.000464  
0.000380  
0.000438  
0.000177  
0.000166  
0.000129  
0.000251  
0.000103  
0.000005  
-0.000135 
-0.000142 
-0.000059 
-0.000148 
-0.000211 
-0.000401 
-0.000306 
-0.000540 
-0.000419 
-0.000473 
-0.000527 
-0.000738 
-0.000539 
-0.000709 
-0.000778 
-0.000805 
-0.000982 
-0.000962 
-0.000931 
-0.000820 
-0.001205 
-0.001079 
-0.001150 
-0.001140 
-0.001175 
-0.001217 
-0.001326 
-0.001265 
-0.001347 
-0.001525 
-0.001477 
-0.001520 
-0.001723 
-0.001507 
-0.001939 
-0.001850 
-0.002047 
-0.001920 
-0.002138 
-0.002029 
-0.002007 
-0.002453 
-0.002643 
-0.003399 
-0.003633 
-0.003578 
-0.003583 
-0.003287 
-0.003310 
-0.002944 
-0.002950 
-0.002785 
-0.002713 
-0.002464 
-0.002026 
-0.001711 
-0.001266 
-0.001152 
-0.000758 
-0.000418 
-0.000107 
0.000261  
0.000785  
0.001002  
0.001030  
0.001589  
0.001939  
0.002227  
0.002398  
0.002446  
0.002666  
0.002865  
0.003030  
0.002988  
0.003201  
0.003344  
0.003111  
0.003220  
0.003350  
0.003131  
0.003122  
0.003124  
0.002848  
0.002590  
0.002766  
0.002666  
0.002358  
0.002445  
0.002228  
0.002026  
0.002161  
0.001910  
0.001610  
0.001808  
0.001658  
0.001243  
0.001281  
0.001135  
0.001008  
0.001109  
0.000597  
0.000449  
0.000747  
0.000531  
0.000137  
0.000345  
0.000134  
-0.000156 
0.000028  
-0.000054 
-0.000276 
-0.000317 
-0.000629 
-0.000492 
-0.000544 
-0.000410 
-0.000730 
-0.000865 
-0.000969 
-0.001115 
-0.000985 
-0.000947 
-0.001127 
-0.001046 
-0.001087 
-0.001152 
-0.001172 
-0.001330 
-0.001373 
-0.001497 
-0.001440 
-0.001830 
-0.001449 
-0.001669 
-0.001867 
-0.001745 
-0.001934 
-0.001977 
-0.001895 
-0.001956 
-0.001883 
-0.001895 
-0.002026 
-0.002162 
-0.002007 
-0.002022 
-0.002159 
-0.001928 
-0.002174 
-0.002146 
-0.002087 
-0.002168 
-0.002229 
-0.002027 
-0.002245 
-0.002074 
-0.002085 
-0.002183 
-0.002320 
-0.002275 
-0.002249 
-0.002229 
-0.002178 
-0.002198 
-0.002262 
-0.002301 
-0.002221 
-0.002181 
-0.002101 
-0.002177 
-0.002202 
-0.002254 
