-0.101107 
-0.101595 
-0.102797 
-0.104179 
-0.105431 
-0.106489 
-0.107533 
-0.108939 
-0.110190 
-0.111038 
-0.112338 
-0.113516 
-0.114652 
-0.115767 
-0.116963 
-0.117967 
-0.118935 
-0.119960 
-0.121258 
-0.122456 
-0.123631 
-0.124531 
-0.125631 
-0.126352 
-0.127786 
-0.128839 
-0.129504 
-0.130582 
-0.131552 
-0.132672 
-0.133597 
-0.134708 
-0.135701 
-0.136624 
-0.137524 
-0.138413 
-0.139374 
-0.140220 
-0.140807 
-0.142172 
-0.142947 
-0.143800 
-0.144535 
-0.145606 
-0.146421 
-0.147295 
-0.147899 
-0.148855 
-0.149384 
-0.150115 
-0.151243 
-0.151743 
-0.152374 
-0.153076 
-0.153891 
-0.154678 
-0.155233 
-0.156287 
-0.156730 
-0.157734 
-0.158202 
-0.158770 
-0.159831 
-0.160879 
-0.161058 
-0.161822 
-0.162571 
-0.163307 
-0.164216 
-0.165001 
-0.165835 
-0.166326 
-0.167031 
-0.167857 
-0.168709 
-0.169617 
-0.170533 
-0.171199 
-0.171680 
-0.172585 
-0.173562 
-0.174294 
-0.175149 
-0.175711 
-0.176429 
-0.176858 
-0.177462 
-0.178173 
-0.178457 
-0.179077 
-0.179694 
-0.180199 
-0.180590 
-0.180826 
-0.181398 
-0.181669 
-0.181680 
-0.181934 
-0.182139 
-0.182244 
-0.182309 
-0.181854 
-0.181966 
-0.182106 
-0.181603 
-0.181302 
-0.181191 
-0.180754 
-0.180167 
-0.180161 
-0.179392 
-0.178815 
-0.177810 
-0.177278 
-0.176598 
-0.175905 
-0.174873 
-0.174064 
-0.172878 
-0.171902 
-0.171040 
-0.169758 
-0.168579 
-0.167570 
-0.166052 
-0.164919 
-0.163458 
-0.162083 
-0.160715 
-0.158760 
-0.157732 
-0.155894 
-0.154255 
-0.152170 
-0.150675 
-0.148924 
-0.147019 
-0.144859 
-0.142780 
-0.140899 
-0.138562 
-0.136645 
-0.134111 
-0.132152 
-0.129726 
-0.127129 
-0.125235 
-0.122468 
-0.119971 
-0.117412 
-0.114835 
-0.112538 
-0.109746 
-0.107359 
-0.104827 
-0.102392 
-0.099787 
-0.097418 
-0.095075 
-0.092329 
-0.089963 
-0.087380 
-0.084710 
-0.082530 
-0.080041 
-0.077883 
-0.075586 
-0.073338 
-0.071234 
-0.069034 
-0.066470 
-0.064793 
-0.062540 
-0.060778 
-0.059037 
-0.057121 
-0.055048 
-0.053279 
-0.051539 
-0.049990 
-0.048428 
-0.047149 
-0.045141 
-0.043876 
-0.042344 
-0.040698 
-0.039422 
-0.038125 
-0.037019 
-0.035632 
-0.034915 
-0.033695 
-0.032519 
-0.031847 
-0.030577 
-0.029534 
-0.028933 
-0.027848 
-0.027148 
-0.026484 
-0.025885 
-0.025131 
-0.024383 
-0.023509 
-0.023143 
-0.022669 
-0.021909 
-0.021466 
-0.020945 
-0.020717 
-0.020307 
-0.019990 
-0.019435 
-0.018982 
-0.018974 
-0.018367 
-0.017984 
-0.017773 
-0.017485 
-0.016891 
-0.016962 
-0.016408 
-0.016119 
-0.015817 
-0.015862 
-0.015304 
-0.015312 
-0.015122 
-0.014840 
-0.014716 
-0.014549 
-0.014264 
-0.014158 
-0.014205 
-0.013598 
-0.013400 
-0.013503 
-0.013354 
-0.012941 
-0.012904 
-0.012827 
-0.012701 
-0.012734 
-0.012463 
-0.012452 
-0.012183 
-0.011920 
-0.011820 
-0.011760 
-0.011440 
-0.011486 
-0.011274 
-0.011510 
-0.011220 
-0.010798 
-0.010694 
-0.010389 
-0.010409 
-0.010252 
-0.010232 
-0.009982 
-0.009904 
-0.009886 
-0.009750 
-0.009538 
-0.009551 
-0.009369 
-0.009114 
-0.009115 
-0.009005 
-0.008774 
-0.008698 
-0.008477 
-0.008579 
-0.008183 
-0.008278 
-0.007899 
-0.007845 
-0.007714 
-0.007554 
-0.007489 
-0.007279 
-0.007346 
-0.007268 
-0.007250 
-0.007198 
-0.006997 
-0.007009 
-0.006861 
-0.006629 
-0.006478 
-0.006177 
-0.006107 
-0.005662 
-0.005950 
-0.005872 
-0.005788 
-0.005543 
-0.005724 
-0.005314 
-0.005254 
-0.005282 
-0.005242 
-0.005169 
-0.004718 
-0.004740 
-0.004886 
-0.004904 
-0.004604 
-0.004529 
-0.004551 
-0.004402 
-0.004429 
-0.004171 
-0.004157 
-0.004433 
-0.004045 
-0.004126 
-0.004107 
-0.004005 
-0.004119 
-0.004113 
-0.004016 
-0.003558 
-0.003743 
-0.003881 
-0.003571 
-0.003741 
-0.003640 
-0.003480 
-0.003644 
-0.003514 
-0.003429 
-0.003745 
-0.003668 
-0.003374 
-0.003479 
-0.003417 
-0.003336 
-0.003472 
-0.003055 
-0.003013 
-0.003368 
-0.003345 
-0.002943 
-0.003103 
-0.003113 
-0.003012 
-0.003050 
-0.003167 
-0.003143 
-0.002891 
-0.002887 
-0.003129 
-0.003005 
-0.003090 
-0.002675 
-0.002783 
-0.002702 
-0.002606 
-0.002768 
-0.002830 
-0.002864 
-0.002851 
-0.002861 
-0.002857 
-0.002875 
-0.002630 
-0.002559 
-0.002613 
-0.002668 
-0.002146 
-0.002510 
-0.002453 
-0.002416 
-0.002446 
-0.002372 
-0.002371 
-0.002246 
-0.002331 
-0.002386 
-0.002282 
-0.002113 
-0.002118 
-0.002062 
-0.002242 
-0.002070 
-0.002275 
-0.002062 
-0.002292 
-0.002505 
-0.002127 
-0.002153 
-0.002306 
-0.001970 
-0.002258 
-0.002256 
-0.002088 
-0.001995 
-0.001807 
-0.001867 
-0.002241 
-0.002116 
-0.001923 
-0.001961 
-0.001906 
-0.001875 
-0.001854 
-0.001954 
-0.001918 
-0.001820 
-0.001717 
