-0.112343 
-0.113638 
-0.115235 
-0.116946 
-0.118414 
-0.120330 
-0.121786 
-0.123183 
-0.124749 
-0.125808 
-0.128116 
-0.129458 
-0.130483 
-0.132266 
-0.133876 
-0.135059 
-0.136730 
-0.137655 
-0.139632 
-0.140737 
-0.142821 
-0.143557 
-0.144982 
-0.146215 
-0.147750 
-0.149157 
-0.150358 
-0.151554 
-0.152993 
-0.154485 
-0.155650 
-0.157212 
-0.158213 
-0.159653 
-0.160993 
-0.162206 
-0.163634 
-0.164457 
-0.165525 
-0.167461 
-0.168265 
-0.169585 
-0.170672 
-0.171856 
-0.173118 
-0.174143 
-0.175144 
-0.176449 
-0.177273 
-0.178519 
-0.179746 
-0.180538 
-0.181589 
-0.182581 
-0.183981 
-0.184760 
-0.185855 
-0.187046 
-0.187783 
-0.189262 
-0.190086 
-0.191066 
-0.192122 
-0.193540 
-0.194461 
-0.195347 
-0.196361 
-0.197642 
-0.198909 
-0.200005 
-0.201104 
-0.201862 
-0.203300 
-0.204323 
-0.205347 
-0.206579 
-0.207773 
-0.208797 
-0.209958 
-0.210867 
-0.211961 
-0.213224 
-0.214209 
-0.214946 
-0.216313 
-0.217022 
-0.217546 
-0.218593 
-0.219224 
-0.219812 
-0.220722 
-0.221084 
-0.221899 
-0.222210 
-0.222444 
-0.222980 
-0.222870 
-0.223407 
-0.223379 
-0.223418 
-0.223417 
-0.223046 
-0.223069 
-0.222602 
-0.222065 
-0.221533 
-0.221012 
-0.220443 
-0.219569 
-0.219014 
-0.217973 
-0.216887 
-0.215663 
-0.214343 
-0.213206 
-0.211950 
-0.210555 
-0.208753 
-0.207337 
-0.205354 
-0.203887 
-0.201911 
-0.199950 
-0.198370 
-0.195957 
-0.193923 
-0.191369 
-0.189224 
-0.186810 
-0.184275 
-0.181499 
-0.178936 
-0.176190 
-0.173129 
-0.170852 
-0.167840 
-0.164548 
-0.161307 
-0.158097 
-0.154976 
-0.151337 
-0.147890 
-0.144338 
-0.141137 
-0.137208 
-0.133242 
-0.129683 
-0.125849 
-0.121710 
-0.117688 
-0.113747 
-0.109909 
-0.105903 
-0.101504 
-0.097677 
-0.093834 
-0.089654 
-0.085886 
-0.081958 
-0.077766 
-0.073842 
-0.069606 
-0.065288 
-0.061610 
-0.057661 
-0.053690 
-0.049990 
-0.046191 
-0.042296 
-0.038769 
-0.034732 
-0.031063 
-0.027523 
-0.024507 
-0.021184 
-0.017617 
-0.014191 
-0.010951 
-0.007784 
-0.004578 
-0.001588 
0.001169  
0.004423  
0.007166  
0.009919  
0.012777  
0.015216  
0.017809  
0.020081  
0.022403  
0.024291  
0.026604  
0.028800  
0.030715  
0.032791  
0.034419  
0.036099  
0.037863  
0.039254  
0.040599  
0.042081  
0.043447  
0.045009  
0.046353  
0.047475  
0.048574  
0.049717  
0.051122  
0.052048  
0.052821  
0.053881  
0.054631  
0.055948  
0.056872  
0.057635  
0.058718  
0.059582  
0.060205  
0.061397  
0.062439  
0.063105  
0.063913  
0.065116  
0.065990  
0.066576  
0.067394  
0.068196  
0.068857  
0.069489  
0.070166  
0.070639  
0.071239  
0.071655  
0.071800  
0.072425  
0.072589  
0.072637  
0.072723  
0.072923  
0.072813  
0.072625  
0.072537  
0.071874  
0.071640  
0.071293  
0.070793  
0.070230  
0.069579  
0.068671  
0.068062  
0.067175  
0.066233  
0.064875  
0.064251  
0.063059  
0.062005  
0.060872  
0.059544  
0.058142  
0.056585  
0.055622  
0.053855  
0.052629  
0.051092  
0.049560  
0.048135  
0.046548  
0.045245  
0.043864  
0.042628  
0.041379  
0.039837  
0.038595  
0.036931  
0.036131  
0.034501  
0.033393  
0.031980  
0.031017  
0.029987  
0.028788  
0.027886  
0.026444  
0.025547  
0.024634  
0.023562  
0.022718  
0.021816  
0.020984  
0.020017  
0.019317  
0.018624  
0.018196  
0.017672  
0.016610  
0.016204  
0.015368  
0.014784  
0.014092  
0.013909  
0.013220  
0.012746  
0.012234  
0.011803  
0.011782  
0.011365  
0.010721  
0.010198  
0.010189  
0.009904  
0.009607  
0.009328  
0.008908  
0.008787  
0.008430  
0.008127  
0.008247  
0.007693  
0.007386  
0.007512  
0.007100  
0.006749  
0.006874  
0.006957  
0.006471  
0.006267  
0.006263  
0.005878  
0.005945  
0.006055  
0.005535  
0.005725  
0.005548  
0.005281  
0.005079  
0.005172  
0.004812  
0.004895  
0.004753  
0.004408  
0.004701  
0.004618  
0.004287  
0.004243  
0.004562  
0.004167  
0.004206  
0.004419  
0.003945  
0.003770  
0.003657  
0.003704  
0.003856  
0.003457  
0.003588  
0.003188  
0.003371  
0.003504  
0.003502  
0.003485  
0.003193  
0.003016  
0.002924  
0.002784  
0.002760  
0.002705  
0.002693  
0.002747  
0.002540  
0.002721  
0.002573  
0.002734  
0.002412  
0.002514  
0.002539  
0.002124  
0.002463  
0.002262  
0.002284  
0.002183  
0.001893  
0.002068  
0.001968  
0.002147  
0.001827  
0.001831  
0.001723  
0.001544  
0.001700  
0.001638  
0.001568  
0.001772  
0.001404  
0.001400  
0.001473  
0.001300  
0.001417  
0.001257  
0.001378  
0.001121  
0.001374  
0.001070  
0.001062  
0.001063  
0.001115  
0.001260  
0.001019  
0.000863  
0.000945  
0.000916  
0.000651  
0.000953  
